0,0
0,0
0,0
0,0
0,0
0,0
0,0
0,0
0,0
0,0
0,0
0,0
0,0
0,0
0,0
0,0
0,0
28,2
3,0
0,0
0,0
0,0
0,0
0,0
0,0
0,0
0,0
0,0
0,0
0,0
0,0
0,0
0,0
0,0
0,0
0,1
0,0
0,0
0,0
0,0
0,0
0,0
0,0
0,0
0,0
0,0
0,0
0,0
0,0
0,0
0,0
0,0
0,0
0,0
0,0
0,0
0,0
0,0
0,0
0,0
0,0
0,0
0,0
10,0
0,0
0,0
0,1
0,0
71,1
0,0
0,5
4,1
0,0
0,0
0,0
0,0
0,0
0,0
0,0
0,0
0,1
0,0
0,0
0,0
0,0
0,0
0,3
0,0
0,0
0,0
0,0
0,0
52,12
0,0
1,1
0,0
0,0
0,0
0,0
0,0
6,1
8,2
0,0
0,0
0,0
0,0
0,0
0,0
0,0
0,0
16,2
0,0
1,0
0,0
0,0
0,0
0,0
0,0
0,0
0,0
0,0
1,1
0,1
0,0
0,0
0,1
16,0
0,0
0,0
0,0
0,0
0,0
0,0
0,0
0,0
0,1
0,0
0,0
3,0
0,0
0,0
1,0
12,11
0,0
0,0
0,0
0,0
0,0
0,0
0,0
0,0
0,0
5,0
1,1
0,0
20,5
20,5
1,1
14,0
3,0
0,0
0,2
20,4
0,0
0,1
1,0
3,0
0,0
0,0
0,0
0,4
1,0
20,0
0,0
0,0
6,0
0,0
0,0
1,0
0,0
10,0
0,0
0,0
0,0
0,0
0,1
0,0
0,0
0,0
0,0
0,0
0,0
0,0
0,0
0,0
12,4
0,0
0,0
0,0
1,0
0,0
0,0
6,0
19,31
0,0
0,0
0,0
0,0
0,0
3,0
0,0
1,0
0,1
1,0
0,0
0,0
0,0
3,0
0,0
0,0
0,0
0,0
0,1
0,0
0,0
5,1
0,0
0,0
0,0
0,0
0,0
0,0
0,0
4,0
0,0
0,0
0,0
7,1
0,0
0,1
0,0
0,0
0,0
4,4
0,0
0,0
0,0
0,0
0,0
29,0
0,0
0,0
0,0
0,0
0,0
0,0
0,0
0,0
0,0
0,0
0,0
0,0
0,0
0,0
0,0
0,0
0,0
0,0
0,0
2,0
2,0
0,0
0,0
0,0
0,1
0,0
0,0
0,0
12,2
0,0
0,0
0,0
0,0
0,0
1,0
4,0
0,0
0,0
1,1
0,0
0,0
4,0
0,0
0,0
0,0
0,0
2,0
0,0
0,0
0,0
0,0
0,0
0,0
0,0
0,0
0,0
0,0
0,0
0,0
0,0
0,0
0,0
0,0
0,0
0,0
0,0
0,0
0,0
0,0
0,0
0,0
0,0
0,0
0,0
0,0
0,0
0,0
0,0
0,0
13,1
0,0
0,0
0,0
0,0
0,0
0,0
0,0
0,0
0,0
0,0
0,0
0,0
0,0
0,0
0,1
0,1
3,0
36,19
0,0
11,1
0,47
0,0
0,1
0,0
0,0
0,0
0,0
0,0
0,0
2,0
0,2
0,0
0,0
0,0
0,0
0,0
1,0
0,0
0,0
0,0
0,1
1,0
0,0
0,0
0,0
0,0
1,0
0,0
0,0
0,0
0,0
0,0
0,0
1,1
1,0
0,0
0,0
0,0
1,0
0,1
0,0
0,0
0,0
0,0
0,0
22,8
0,0
0,0
0,0
0,0
2,0
0,0
2,1
0,0
0,0
0,0
0,0
76,25
2,1
0,0
0,0
0,0
0,0
0,0
0,0
0,0
0,0
0,0
0,1
0,1
0,1
7,2
0,0
0,1
0,0
0,0
1,0
75,11
0,0
0,0
3,0
0,0
0,0
0,0
0,0
0,0
1,0
0,0
0,0
12,0
0,0
0,0
0,0
0,0
0,0
1,0
0,0
0,0
0,0
0,1
0,0
0,0
0,0
0,0
12,5
81,241
15,59
1,0
0,0
2,0
0,0
0,0
0,0
0,1
0,0
0,0
0,0
1,0
0,0
1,0
0,2
1,0
0,0
0,0
0,1
0,1
0,3
0,3
0,0
0,0
2,0
0,0
0,0
0,0
0,0
0,0
0,0
3,0
0,0
0,0
4,0
0,0
0,0
0,0
0,0
0,0
0,1
0,0
1,0
0,0
0,0
0,0
0,0
0,0
0,0
0,0
0,0
0,0
0,0
0,0
0,0
0,0
0,0
0,1
0,0
0,0
0,0
0,0
0,0
0,0
0,0
0,0
0,0
0,0
0,0
0,0
0,0
0,0
0,0
0,0
0,0
0,0
0,0
0,0
0,0
0,0
0,0
0,1
0,0
0,0
0,0
0,0
0,0
0,0
0,0
0,0
0,0
0,0
0,0
0,0
0,0
4,0
0,0
0,0
0,0
0,0
0,0
0,0
0,0
0,0
0,0
10,4
34,2
0,0
0,0
0,0
0,0
0,0
0,0
0,0
0,0
0,0
0,0
0,0
0,0
0,0
0,0
0,0
0,0
0,0
0,0
0,0
0,1
0,0
0,0
0,0
2,0
0,0
0,0
0,0
0,0
0,1
0,0
0,0
0,0
0,0
0,1
0,1
0,0
0,0
16,1
0,0
0,0
0,0
0,0
0,0
0,0
0,0
0,0
0,0
2,0
0,0
0,0
0,0
0,0
0,0
0,0
0,0
0,0
0,0
0,0
0,0
0,0
2,1
0,0
0,0
0,0
0,0
0,0
0,0
0,0
0,0
0,0
0,0
0,0
0,0
0,1
0,0
0,0
0,0
0,0
0,0
0,0
2,1
0,0
0,0
5,0
1,0
0,0
0,0
0,23
1,0
0,0
0,0
0,0
0,0
0,0
0,0
0,0
0,0
0,0
0,0
0,0
0,0
0,0
0,0
0,0
0,0
1,1
0,1
0,1
0,0
0,0
0,0
3,0
0,0
0,0
0,0
2,0
0,0
0,0
0,0
0,0
0,0
30,4
0,0
0,0
0,0
0,0
0,0
0,0
0,0
0,0
0,0
0,0
0,0
0,0
0,0
0,0
0,0
0,0
0,0
0,0
0,0
0,0
0,0
0,0
0,0
6,1
3,0
0,0
0,0
10,2
0,0
0,0
0,0
0,0
0,0
0,0
0,0
0,0
4,0
0,0
0,0
0,0
0,0
0,0
0,0
0,0
0,0
0,0
0,25
0,0
0,0
0,0
0,1
0,0
0,0
0,0
0,0
0,0
0,0
3,0
0,0
1,0
3,1
2,0
0,0
0,26
0,0
6,0
0,0
0,1
0,1
0,0
0,5
0,0
0,0
0,0
0,0
0,0
0,0
0,0
0,0
0,0
0,0
0,0
0,0
0,0
0,1
0,0
0,3
0,0
7,1
0,0
0,0
0,0
0,0
1,0
0,0
0,0
0,0
0,0
0,0
0,0
0,0
0,0
1,0
6,0
0,0
0,0
0,0
0,0
0,0
0,0
0,0
0,0
0,0
0,0
0,0
0,0
0,3
0,0
0,0
0,0
0,1
0,0
4,0
0,0
0,0
0,0
0,0
0,0
32,0
0,0
14,1
0,0
0,0
0,0
1,1
0,1
0,0
0,0
0,0
3,0
0,0
0,0
0,0
1,0
3,0
0,0
0,0
0,0
1,0
0,1
0,0
0,0
0,0
0,0
0,0
0,0
0,0
0,0
0,0
0,0
0,0
1,0
0,0
0,0
0,1
0,0
4,1
0,0
0,0
13,1
0,0
0,0
0,0
0,0
0,0
0,0
0,0
0,0
0,0
0,0
0,0
0,0
0,0
0,0
0,0
0,0
0,0
0,0
0,2
0,0
0,0
0,0
0,0
0,2
9,0
0,0
0,1
0,0
1,0
2,0
0,0
0,0
0,0
0,0
0,0
0,0
0,0
0,11
0,0
0,0
1,0
0,0
0,0
0,0
0,0
0,0
0,0
0,0
0,0
0,0
0,0
0,0
0,1
0,0
0,0
0,0
0,0
0,0
0,0
0,0
0,0
0,0
0,0
0,0
0,0
0,0
0,0
0,0
0,0
0,0
1,0
0,0
0,0
0,0
0,0
0,0
0,0
0,0
0,0
0,0
0,0
0,0
0,0
0,0
0,0
0,0
0,0
0,0
0,0
0,0
0,0
0,0
0,0
0,0
0,0
0,0
3,0
0,0
0,0
0,0
0,0
0,0
0,0
0,0
1,0
0,1
0,1
0,0
0,0
0,0
0,0
1,0
1,0
1,0
3,0
1,0
0,0
0,0
0,0
0,0
0,0
0,0
0,0
0,0
0,0
0,1
0,0
0,0
0,1
0,0
0,0
0,0
0,1
0,1
11,6
0,0
0,0
0,0
0,0
0,0
0,0
0,1
0,2
0,0
0,0
0,0
0,1
0,0
0,0
0,0
0,0
0,0
0,0
0,0
0,1
0,0
0,0
0,0
0,0
0,0
0,0
0,0
0,0
0,0
0,0
0,1
0,0
0,0
0,0
0,1
0,0
0,0
0,0
0,0
0,0
1,0
0,0
0,0
0,0
0,1
0,0
0,0
0,0
0,0
0,0
0,0
0,0
0,0
0,0
0,0
0,0
0,0
0,0
0,0
0,0
0,0
0,0
0,0
0,0
0,0
0,0
0,1
0,0
0,0
0,1
0,0
0,1
0,0
0,0
0,0
1,0
0,1
0,0
0,0
0,0
1,0
0,0
0,0
0,0
0,1
53,5
0,0
0,0
0,0
0,0
0,0
1,1
0,1
1,0
0,0
0,0
0,0
0,0
0,0
0,0
0,0
0,0
0,0
1,2
0,0
1,0
0,0
0,0
0,0
0,0
0,0
0,0
0,0
15,0
0,0
15,0
0,0
0,0
0,0
0,4
0,0
0,0
0,0
0,0
0,0
0,0
20,4
18,32
0,0
0,0
0,0
0,1
0,0
1,0
0,0
0,0
0,0
0,1
0,0
0,0
0,0
0,0
0,0
0,0
0,0
0,0
0,0
0,0
0,0
1,0
0,0
0,0
0,0
0,0
0,1
0,0
1,0
1,0
0,0
0,0
0,0
0,0
0,0
1,0
0,0
0,0
0,0
0,2
0,0
0,0
0,0
0,0
0,0
0,0
0,0
0,0
0,0
0,0
0,0
0,0
0,0
0,0
0,0
0,0
0,0
0,0
0,2
0,0
0,0
0,0
16,18
1,0
0,3
0,0
0,0
27,11
0,0
0,0
2,0
0,0
0,0
0,0
0,0
76,31
1,0
0,0
0,0
0,1
0,0
3,0
1,0
0,0
0,0
0,0
0,0
4,0
0,0
0,0
0,0
0,0
0,0
0,0
0,0
0,0
0,0
0,0
0,0
0,0
0,0
0,0
8,4
0,0
0,0
0,0
0,0
0,0
1,0
0,0
0,0
0,0
0,0
3,0
0,0
0,0
2,0
0,0
0,0
0,0
0,0
0,0
5,0
0,0
0,0
0,0
0,0
0,0
2,0
1,2
0,0
0,2
0,0
0,0
0,0
0,1
0,0
0,0
0,88
0,0
0,0
0,0
0,0
0,0
0,0
0,0
0,2
2,0
0,0
0,0
0,2
0,0
0,0
0,0
0,0
0,0
0,0
0,0
0,0
0,0
0,0
0,0
1,1
0,0
0,0
0,0
0,0
0,0
2,0
0,0
0,0
0,0
0,0
7,0
7,0
0,0
23,4
0,0
0,0
1,1
11,0
1,0
0,0
0,0
0,0
0,0
0,0
1,1
0,0
0,0
0,0
2,0
2,0
2,0
4,0
54,1
0,0
0,0
0,0
0,0
0,0
0,0
0,1
13,0
0,0
2,0
0,0
0,0
0,4
2,0
1,0
0,0
0,0
0,0
0,1
0,0
3,0
20,0
0,0
0,0
0,0
0,0
0,0
0,0
0,0
0,0
0,0
0,0
1,0
0,0
0,0
0,0
0,0
0,0
0,0
0,0
0,1
0,0
0,1
1,0
7,2
0,0
0,0
13,0
1,0
0,0
0,0
0,0
0,0
0,0
0,0
0,0
0,0
0,0
0,0
2,1
32,2
0,0
0,0
0,0
0,0
0,0
0,0
0,0
1,0
2,0
0,0
0,0
0,0
0,2
0,0
0,0
0,0
0,0
0,0
0,0
0,0
0,0
0,0
0,0
0,0
0,0
0,0
6,2
0,0
0,0
0,0
0,0
0,4
0,1
72,13
0,0
0,0
4,0
0,0
2,0
0,0
0,0
0,0
0,0
3,0
1,0
0,0
0,0
2,0
0,0
0,0
0,0
0,0
0,0
0,0
1,0
0,2
0,0
0,0
0,0
0,0
0,0
0,0
0,0
0,0
1,0
0,0
1,0
0,0
0,0
0,0
0,0
0,0
0,0
0,0
0,0
0,0
1,0
0,0
0,0
0,0
14,3
0,0
0,3
0,0
0,0
0,0
20,1
0,0
0,0
0,0
0,2
0,0
0,0
0,0
0,1
0,0
0,2
0,0
0,0
0,0
1,0
0,0
0,0
0,0
0,0
8,0
0,0
0,1
0,0
0,0
0,0
0,0
0,1
0,0
0,0
0,0
0,0
40,6
1,3
0,0
0,1
1,0
0,0
0,0
0,0
0,0
1,2
6,1
0,0
0,0
0,0
0,0
0,0
0,0
0,0
0,0
2,0
0,0
0,0
0,0
0,0
0,0
0,0
0,0
0,82
0,0
8,0
0,0
0,0
0,0
0,0
0,0
0,0
5,0
0,0
0,0
0,0
0,0
0,0
0,0
0,0
1,0
0,3
0,1
0,0
6,3
0,0
0,1
0,0
0,0
0,0
0,0
0,0
0,1
2,0
0,0
0,0
0,0
0,0
0,0
0,0
0,0
0,0
0,0
0,0
0,0
0,0
0,0
0,0
0,0
0,0
0,0
4,0
0,0
3,0
0,0
0,2
0,0
0,0
0,1
0,0
0,0
0,1
1,0
0,0
0,0
0,0
0,0
0,0
0,1
0,0
0,0
0,2
1,1
0,0
0,0
0,1
0,0
0,1
0,0
0,0
0,3
0,0
0,0
1,0
0,0
4,2
0,0
0,0
0,0
4,0
0,2
0,0
0,0
0,0
0,0
0,0
0,0
0,0
0,0
0,0
0,0
0,0
29,1
0,1
0,0
0,0
0,1
0,0
0,0
0,0
0,0
0,0
0,0
0,1
3,0
0,0
0,0
0,0
0,0
0,0
0,0
0,0
0,0
1,1
0,0
0,0
0,0
0,0
0,0
0,0
0,0
0,0
22,10
0,4
0,0
9,2
0,0
0,0
0,0
0,0
0,1
2,0
0,0
0,0
0,0
0,3
0,0
0,0
0,0
0,0
0,0
8,25
5,1
0,0
0,0
3,4
0,0
0,0
0,0
0,0
0,0
0,1
0,1
0,0
0,0
0,0
11,0
0,2
0,0
0,0
2,2
0,0
0,0
0,0
0,0
0,0
0,0
0,1
0,0
6,0
2,0
3,1
0,0
0,0
0,0
0,0
0,0
2,0
0,0
0,0
59,8
0,1
0,0
0,0
0,0
0,0
0,0
0,1
0,0
0,0
7,0
1,0
1,0
1,0
7,1
0,3
1,0
3,0
0,0
0,0
0,1
0,0
0,0
0,0
0,0
3,1
0,0
0,0
0,0
0,0
0,0
0,0
0,0
0,0
0,0
0,0
0,1
0,0
0,0
0,0
1,2
0,0
0,0
0,0
0,0
0,0
0,0
0,0
0,0
0,0
34,4
0,0
1,0
0,0
0,0
0,0
0,0
0,0
0,73
0,0
0,0
1,0
0,0
0,1
1,0
0,0
0,0
0,0
0,0
0,0
0,1
0,0
0,0
0,0
0,0
0,1
0,0
0,0
0,0
0,0
4,0
2,0
0,1
1,0
0,0
0,0
0,0
0,0
0,0
0,0
0,0
0,0
0,0
0,0
0,0
0,0
0,0
0,0
0,0
5,4
0,0
1,0
18,0
0,1
1,0
1,0
300,40
0,0
0,0
0,0
0,1
0,0
0,2
1,0
0,0
0,1
0,0
1,0
0,1
0,0
0,0
2,2
4,1
0,0
0,0
0,0
0,0
0,7
0,0
0,0
0,0
0,0
0,0
9,0
0,0
0,1
0,0
0,0
0,0
0,0
0,0
9,0
0,0
0,1
0,1
0,0
0,0
0,0
0,1
0,0
0,0
1,0
28,0
0,0
0,0
0,2
0,0
2,0
1,0
0,0
0,0
0,2
0,0
0,0
0,0
0,0
1,0
42,5
0,0
0,0
0,1
1,0
0,0
0,0
0,0
1,0
0,0
0,0
0,0
0,0
0,0
0,0
0,1
0,0
22,1
1,0
0,0
2,0
0,0
0,0
0,0
0,0
0,0
0,0
5,0
0,0
0,0
28,0
0,0
0,0
0,0
0,0
0,0
76,11
0,2
0,0
0,0
0,0
8,0
6,0
0,0
0,0
0,0
0,0
0,0
0,0
0,0
0,0
0,0
0,0
3,0
0,0
0,0
0,0
0,0
0,0
1,1
5,0
0,0
0,0
0,0
0,0
1,0
0,0
0,2
0,0
0,0
0,0
0,0
0,0
0,0
0,0
0,0
0,0
0,0
0,0
0,1
2,2
2,0
1,0
0,0
0,0
0,0
0,0
0,0
0,0
0,0
0,0
0,0
0,0
0,0
0,0
0,0
0,0
3,0
0,1
0,0
0,0
0,0
0,0
0,0
0,0
0,0
0,1
0,0
0,0
0,0
0,0
4,1
1,1
0,0
0,0
0,1
1,0
8,1
0,0
0,0
0,0
0,0
0,0
0,0
0,0
0,0
0,0
0,0
0,0
0,0
1,0
1,1
0,0
0,0
0,0
0,0
1,2
0,0
0,0
0,0
0,1
6,0
0,0
0,100
0,0
0,0
0,1
1,0
0,2
0,0
0,0
0,0
0,0
0,0
1,1
0,0
0,0
0,0
0,0
0,1
0,0
0,0
0,0
0,0
0,0
0,0
1,0
0,1
2,0
0,0
0,2
0,0
0,0
0,0
0,0
0,1
0,0
3,0
0,0
0,0
0,0
0,0
0,0
0,0
0,0
0,0
3,0
0,0
0,0
0,3
0,0
5,0
0,0
0,0
0,0
0,0
3,0
0,0
0,0
0,0
1,0
7,3
0,0
35,2
0,0
0,0
0,0
0,0
0,0
0,1
1,1
0,0
0,0
0,0
0,0
0,0
0,0
0,0
0,0
4,0
0,0
0,0
72,43
0,0
0,0
0,0
18,0
4,1
0,0
0,0
0,0
0,0
0,0
0,0
0,0
0,0
0,1
0,0
0,0
0,0
0,0
1,0
0,0
0,0
0,0
1,1
0,3
5,1
0,0
0,0
0,4
0,0
0,0
20,5
0,3
0,0
0,0
0,1
0,0
0,1
0,0
0,0
0,0
0,0
0,0
0,2
47,2
0,0
1,1
0,0
0,0
0,0
0,1
0,0
1,2
0,0
0,0
1,0
2,0
0,0
8,1
0,0
2,0
0,0
0,2
49,0
0,0
0,4
0,0
0,0
0,0
0,0
0,1
0,0
0,0
9,1
0,0
0,0
0,0
0,0
0,0
0,0
0,0
1,0
0,0
0,1
0,0
3,0
1,0
0,0
0,0
0,0
0,0
1,0
0,0
0,0
0,0
0,0
0,0
0,0
0,0
0,0
0,1
0,0
0,0
0,0
0,0
1,1
3,0
0,1
0,0
0,0
0,0
0,0
0,0
0,0
0,0
0,0
4,0
0,1
0,0
0,0
0,0
0,0
0,0
2,1
0,10
2,1
0,0
0,0
0,0
0,0
0,0
30,4
0,1
0,0
0,0
0,0
0,0
2,0
0,0
0,0
0,0
0,0
0,0
0,0
0,0
0,0
0,0
0,0
0,5
0,0
0,1
0,0
22,0
0,0
0,0
0,0
0,2
0,0
0,1
0,1
0,0
0,0
0,0
0,0
0,0
0,1
2,0
0,0
0,1
0,1
5,1
0,0
1,0
0,1
21,0
18,10
1,0
0,0
34,2
0,0
0,0
0,0
7,0
5,1
0,1
0,0
0,0
0,0
0,0
1,0
6,0
0,0
0,0
12,0
0,0
0,0
0,0
0,0
0,2
0,1
0,1
0,0
0,1
0,0
0,0
0,0
10,0
0,0
0,0
13,0
2,0
0,0
0,0
0,0
0,0
0,1
36,1
1,1
0,0
0,0
0,0
12,0
0,0
0,0
6,1
0,1
4,1
0,0
0,0
4,4
6,0
0,0
0,0
0,0
0,0
1,1
1,0
32,2
0,0
0,2
0,0
0,0
0,0
13,3
0,2
0,1
0,0
0,0
0,0
0,1
0,1
3,0
0,0
0,0
0,0
0,0
0,1
0,2
2,0
0,0
2,0
0,0
0,0
0,0
3,0
0,0
0,0
0,0
0,0
2,0
2,0
1,3
0,0
0,0
0,0
0,0
0,0
0,0
0,0
0,0
0,0
0,6
1,0
0,0
0,0
1,2
0,1
1,0
1,0
0,0
38,1
0,0
1,0
0,1
0,2
0,0
6,0
0,0
1,0
0,0
0,0
0,0
0,1
0,1
0,0
0,0
0,0
0,1
4,1
0,1
12,0
0,0
2,0
2,0
0,0
13,0
560,158
0,0
0,0
0,0
0,0
0,0
0,1
0,0
0,0
0,0
2,0
0,0
0,1
2,0
9,0
9,0
8,0
0,4
0,0
0,0
0,4
0,0
0,0
0,1
0,1
12,0
0,0
6,0
0,0
0,0
0,0
0,1
0,0
0,0
0,0
0,0
0,0
8,1
0,0
0,0
0,0
2,39
0,1
0,0
0,1
0,0
0,0
0,0
0,0
0,0
0,0
0,0
7,2
0,0
0,1
0,0
0,0
0,0
12,2
0,0
0,36
1,0
0,0
0,0
0,1
0,0
0,0
0,0
0,0
4,3
0,0
0,1
0,0
4,2
2,0
1,0
0,0
0,2
0,1
0,0
0,0
0,0
3,0
0,1
0,0
0,0
5,0
0,0
0,0
0,0
0,0
0,0
0,1
0,1
0,0
0,0
0,0
0,0
4,0
0,1
0,1
0,0
0,0
0,0
0,0
0,0
0,0
0,0
0,1
0,0
0,0
0,0
1,1
0,0
0,1
7,0
0,0
0,0
0,1
1,0
0,0
1,0
0,0
0,0
0,0
0,0
3,1
0,1
2,0
0,0
0,0
4,2
0,1
0,0
0,0
0,1
0,1
0,0
17,1
2,2
0,0
0,1
0,1
2,2
0,0
0,0
0,0
0,0
0,0
0,0
0,0
2,0
3,0
0,0
0,0
0,1
0,0
0,0
0,1
2,0
0,0
0,3
0,1
1,0
0,0
0,0
0,0
0,0
0,0
0,0
0,0
12,4
0,0
7,0
0,0
0,0
0,0
12,0
0,3
1,0
0,0
20,0
0,0
2,0
14,0
0,0
0,0
0,0
0,0
4,0
0,0
0,0
0,0
3,0
2,0
0,1
0,0
0,0
0,0
0,0
0,0
10,2
1,2
1,0
0,1
0,0
0,0
0,0
0,1
0,0
0,0
0,1
0,0
0,0
0,0
0,0
0,0
0,0
0,0
0,2
1,1
0,2
0,0
0,0
0,0
2,0
0,0
0,0
5,0
2,0
0,1
85,15
0,0
1,0
0,0
0,3
1,0
0,0
0,1
1,0
0,0
0,0
2,0
0,0
0,0
0,2
1,0
1,0
0,0
0,0
1,0
0,0
0,0
0,3
0,0
1,0
0,0
0,0
0,0
0,0
0,0
8,0
0,0
0,0
0,0
4,0
0,2
0,0
0,1
0,2
0,0
0,1
0,1
0,0
0,0
0,0
0,0
1,0
0,0
0,0
5,0
0,0
0,0
0,0
0,0
0,0
4,0
0,0
0,0
0,0
0,0
3,0
0,0
1,0
0,0
0,0
0,0
0,0
0,0
0,0
0,0
0,0
0,0
0,0
0,0
0,0
0,0
0,0
0,0
0,1
0,0
0,0
0,0
0,0
0,0
0,0
3,0
0,0
0,0
0,0
0,0
0,0
0,0
7,0
0,0
1,0
1,0
0,0
0,1
0,0
0,0
1,0
0,1
0,0
0,0
0,0
0,0
0,0
0,0
0,1
0,0
0,0
0,0
0,0
0,0
0,1
0,0
0,0
0,0
2,0
0,0
0,1
0,0
5,0
20,0
0,0
0,1
4,0
0,0
70,2
2,0
0,2
1,0
0,1
0,0
0,0
0,0
0,0
0,0
3,0
0,0
1,1
1,1
0,0
0,0
3,0
0,0
2,0
0,0
0,0
1,0
0,0
1,0
0,0
0,0
0,0
0,0
0,0
0,0
0,0
0,0
0,0
2,1
23,2
18,0
20,0
0,0
0,0
0,0
0,0
0,0
0,0
0,0
0,0
0,0
0,0
0,0
0,0
0,1
0,0
0,0
0,0
0,0
0,0
0,0
0,0
0,0
0,0
0,0
0,0
0,0
28,1
0,0
2,0
2,0
0,0
1,1
0,0
108,29
8,4
2,2
36,4
0,0
0,0
2,0
0,0
5,0
0,1
2,1
0,0
3,1
0,0
0,0
40,15
0,0
0,0
300,83
1,0
0,0
0,0
0,1
3,0
0,0
1,0
0,0
5,0
0,1
2,0
0,1
0,0
2,0
1,1
0,0
95,4
0,2
0,0
0,0
0,0
0,0
0,0
0,0
0,0
0,0
0,0
3,0
0,0
0,0
0,0
3,0
0,0
0,0
0,0
3,0
1,0
0,0
0,0
1,0
0,0
0,0
0,0
0,0
0,0
0,0
0,0
0,0
0,0
0,0
0,0
0,1
2,0
0,2
0,0
0,0
0,0
0,0
0,0
0,1
0,0
135,64
2,0
1,0
0,0
0,0
0,1
0,0
4,1
0,0
0,0
0,0
0,1
0,0
1,2
6,0
100,61
0,0
0,0
0,0
0,0
0,0
0,0
0,0
0,0
0,0
0,0
0,1
0,0
0,0
0,0
0,0
0,0
0,1
0,0
25,1
0,0
0,0
0,0
0,0
0,0
0,1
0,0
0,0
0,0
0,0
0,0
1,0
0,0
0,0
0,0
0,0
0,0
0,1
0,0
0,0
0,0
0,0
0,0
0,0
0,0
0,0
0,1
0,0
0,0
0,0
0,0
0,0
0,0
0,0
0,4
0,0
0,0
0,0
0,1
3,2
0,0
0,0
0,0
13,0
0,0
15,1
0,0
0,0
0,0
0,0
3,1
1,1
0,0
0,0
0,1
0,1
0,0
0,0
0,0
0,0
16,2
27,5
0,0
0,0
0,0
0,0
0,0
0,0
0,0
0,0
0,0
0,1
0,1
0,0
0,0
0,0
1,0
1,0
175,2
0,0
0,0
0,0
0,0
0,0
0,1
0,2
0,0
0,0
1,0
0,0
0,0
0,0
63,1
0,0
0,0
0,0
0,0
0,1
1,0
0,0
0,0
0,0
0,0
0,0
0,0
0,0
0,0
0,0
0,0
0,0
0,0
0,1
16,0
0,0
0,0
20,0
0,0
0,0
0,0
0,0
0,0
0,0
0,0
22,14
0,0
0,0
0,0
0,0
0,0
0,0
0,0
0,0
0,0
0,0
0,0
0,0
0,0
0,0
0,0
0,0
0,0
0,0
0,0
0,0
1,0
0,1
0,0
0,0
0,2
0,0
0,0
0,0
0,0
0,0
0,0
0,0
0,0
0,0
0,0
1,0
0,0
0,2
0,1
1,1
0,0
0,0
0,0
0,0
0,0
0,0
2,0
0,0
0,0
0,0
1,0
2,0
0,0
0,0
0,0
0,0
0,0
0,0
0,0
0,0
1,0
0,0
0,0
0,0
0,0
1,0
0,0
0,0
1,0
16,0
0,0
1,1
0,6
2,0
3,0
0,0
0,0
0,0
0,0
1,0
0,0
7,0
0,1
0,0
0,0
0,0
0,0
0,0
1,0
2,0
0,0
10,0
0,0
0,0
78,9
0,0
0,0
0,0
22,6
6,0
1,0
0,0
14,1
0,0
0,0
0,0
0,0
0,0
0,0
0,0
0,2
0,0
0,0
0,0
0,0
0,0
0,0
3,1
8,0
0,0
0,0
0,1
0,2
0,0
1,0
0,1
0,0
0,0
0,0
1,1
1,0
48,0
0,0
4,0
0,0
0,0
1,0
0,1
0,0
0,0
0,0
0,0
0,0
2,0
0,0
0,0
0,0
1,1
0,0
0,0
0,0
0,0
0,0
0,0
0,1
11,6
34,1
0,0
0,0
0,0
10,0
0,0
0,0
0,0
0,0
1,0
0,0
0,0
0,1
0,0
0,0
0,0
0,0
0,0
0,1
0,0
0,0
0,0
0,0
3,0
5,0
0,0
0,3
0,0
0,0
0,1
0,0
0,0
0,0
0,0
0,0
0,0
0,0
1,3
17,1
0,0
0,0
2,0
0,1
0,0
1,0
0,0
1,0
0,0
0,0
0,0
0,0
0,0
2,0
0,0
0,0
0,0
0,0
1,0
1,0
0,0
15,45
1,0
0,2
0,0
0,0
1,0
0,0
0,0
0,0
0,0
136,20
2,0
0,0
0,0
0,0
0,0
0,0
0,3
0,0
0,0
0,0
0,0
0,0
0,0
0,0
0,0
0,0
0,0
0,0
0,0
0,0
0,0
0,0
0,0
4,1
0,0
0,0
0,0
0,0
1,0
0,0
0,0
0,0
2,2
1,0
0,0
1,0
0,0
5,0
9,1
9,1
0,0
0,0
0,0
0,0
0,1
0,1
0,0
0,0
0,0
0,0
0,1
0,0
2,1
0,0
0,0
0,0
0,0
0,1
0,0
0,0
0,1
4,0
2,0
0,0
0,0
0,0
0,0
100,60
0,0
0,0
0,0
0,0
0,0
0,0
0,1
56,7
0,0
2,3
0,0
0,0
0,0
0,0
0,0
0,0
0,0
0,0
0,0
0,0
0,0
0,0
0,0
0,0
0,0
0,0
0,0
2,2
0,1
0,0
0,0
0,0
0,0
0,0
0,0
0,0
0,1
0,2
0,0
0,0
26,60
37,0
0,0
0,1
0,1
0,0
0,0
1,0
1,0
0,0
0,0
0,0
0,0
0,0
2,0
0,0
2,0
0,0
1100,100
7,0
12,0
0,1
4,0
0,2
0,0
0,0
0,0
0,1
0,1
0,0
0,0
0,0
0,0
1,0
0,1
0,0
0,0
0,0
0,0
0,0
2,0
2,0
3,2
0,1
0,0
1,0
0,0
5,2
1,1
0,3
0,0
27,2
0,0
0,0
2,0
0,7
0,0
0,0
0,0
0,0
0,0
0,0
0,5
0,0
1,0
0,0
0,0
0,0
0,2
0,0
0,0
0,0
0,0
0,0
0,0
0,0
0,0
0,0
0,0
0,0
0,0
0,0
0,0
0,0
2,2
0,0
0,0
0,0
0,0
0,1
0,0
0,2
0,0
0,0
0,0
0,0
0,0
1,0
0,0
2,1
0,2
0,0
0,0
23,2
3,0
0,0
0,0
0,0
0,0
0,0
0,0
0,0
0,0
0,0
0,0
0,0
0,0
2,0
0,0
0,0
1,0
5,1
0,1
0,0
0,0
26,1
2,0
48,21
10,0
1,0
0,0
0,0
0,0
0,0
0,0
0,0
0,0
0,0
0,0
0,0
0,0
0,0
0,39
0,0
0,0
0,0
0,0
0,0
1,1
0,0
0,0
0,0
0,0
0,0
0,2
0,0
0,0
30,0
0,0
0,0
0,0
0,0
0,0
0,0
0,0
0,0
0,0
0,0
0,0
0,0
43,6
52,6
0,1
0,0
10,0
0,0
0,0
30,15
12,4
1,0
0,0
1,0
0,0
2,0
0,0
0,1
1,1
0,0
0,2
0,0
0,0
2,1
0,0
1,0
0,0
0,0
0,0
0,0
0,1
1,0
1,1
0,0
0,0
0,0
0,0
7,3
0,0
0,1
0,0
0,2
0,1
0,2
0,0
0,0
0,1
0,1
0,0
0,1
1,0
0,0
0,0
0,0
0,0
0,1
21,0
0,0
0,0
9,3
0,0
25,0
23,0
0,0
3,0
0,0
0,5
0,1
2,0
0,0
5,0
1,0
0,0
0,0
0,0
0,0
0,0
0,0
0,0
0,0
0,0
0,0
0,0
0,0
0,0
0,0
0,1
48,0
1,0
0,0
0,0
0,0
0,0
0,6
2,1
4,3
22,0
0,0
1,0
1,0
0,0
0,0
0,1
1,1
0,1
13,0
0,0
1,0
0,0
0,0
0,0
0,0
0,0
4,0
2,3
0,0
0,0
0,0
0,0
0,0
11,2
0,0
0,0
0,1
27,5
0,2
0,0
0,0
0,0
0,0
1,0
0,0
0,0
1,1
0,0
0,0
0,0
0,0
0,1
5,1
0,0
0,0
0,1
2,0
0,1
0,0
0,0
0,0
0,0
0,2
0,1
0,0
0,0
0,0
0,0
0,0
0,0
0,0
1,0
0,10
0,0
0,0
0,0
2,0
0,0
0,0
0,0
0,0
0,0
0,0
0,0
0,0
0,0
0,0
0,0
0,0
0,0
0,0
0,1
0,0
0,0
0,0
0,0
0,0
0,0
0,0
1,0
0,0
29,3
0,0
0,0
0,0
0,0
0,0
1,0
1,0
0,0
1,1
1,0
0,0
0,0
70,23
0,0
0,1
0,0
0,0
0,0
0,1
0,1
0,1
0,0
0,0
0,0
3,0
0,0
1,0
0,5
16,2
0,0
0,0
0,0
0,0
0,0
0,0
0,0
0,0
0,0
0,0
0,0
0,1
1,1
10,1
0,0
0,1
0,0
0,0
0,1
1,0
2,0
0,0
3,2
0,0
0,0
0,0
0,0
0,0
0,0
0,0
0,0
0,1
0,0
0,0
2,1
0,0
0,0
0,0
0,0
0,0
0,0
6,0
0,1
0,0
0,0
0,0
0,0
3,0
0,0
0,0
0,0
0,1
0,1
0,0
0,0
0,1
3,0
0,0
0,0
0,0
0,0
0,0
0,0
0,0
0,0
0,0
0,0
0,0
0,2
0,1
0,2
0,2
1,0
0,0
0,0
0,1
0,0
2,0
0,0
1,0
1,0
0,1
78,0
0,0
10,0
14,0
0,1
0,0
0,0
0,0
0,0
0,0
0,0
0,1
0,0
14,1
0,3
0,0
0,0
1,0
0,0
0,1
0,0
0,2
0,0
200,80
0,0
0,0
14,12
0,0
0,0
0,0
0,0
0,0
0,0
0,0
0,0
1,1
0,1
0,0
0,0
0,0
0,0
0,0
0,0
0,0
0,0
0,0
0,0
0,0
0,1
0,0
0,0
0,0
0,0
0,0
0,0
0,0
0,0
0,0
0,1
0,0
0,1
0,0
0,1
0,0
0,1
0,0
0,0
0,0
0,0
3,1
18,0
0,2
0,0
0,0
0,0
0,1
0,0
0,0
5,0
1,0
2,1
0,0
0,0
2,2
0,1
82,18
0,0
0,0
0,0
0,0
2,0
0,1
0,0
0,0
0,0
0,1
1,0
2,0
0,0
0,0
0,0
1,0
0,0
0,0
1,0
1,0
1,0
0,0
0,0
0,0
0,0
0,0
0,0
0,0
0,1
0,0
0,0
0,5
0,0
0,0
0,0
0,1
0,0
0,0
0,0
0,0
0,0
3,1
0,0
1,1
0,0
12,5
0,2
0,0
0,1
0,1
0,0
0,0
0,0
0,0
0,0
0,0
0,0
0,0
0,0
0,0
0,0
1,0
0,0
0,0
0,0
0,1
0,0
0,0
0,0
0,0
0,0
0,0
0,0
0,0
1,0
0,0
1,0
0,0
0,0
0,0
0,0
42,3
0,0
0,13
4,2
0,2
0,329
1,0
0,0
0,0
0,0
0,0
0,1
0,0
0,0
0,0
15,0
27,1
2,0
0,0
0,0
0,0
0,0
0,0
0,0
0,0
0,0
1,0
5,0
0,0
0,0
0,0
0,1
0,0
89,11
0,0
0,0
0,0
0,0
1,0
4,1
0,0
0,1
20,1
0,0
0,0
22,0
0,0
0,0
1,0
0,1
0,0
0,0
3,2
0,0
2,0
0,2
0,0
1,1
1,0
0,0
0,0
0,0
0,0
13,0
0,1
20,2
1,0
1,0
0,0
0,0
0,2
0,0
0,0
0,0
0,0
0,1
0,0
0,0
0,1
0,0
2,1
0,0
0,0
5,0
0,1
0,0
0,0
0,0
1,0
0,1
0,0
0,0
6,0
0,0
1,0
2,0
0,0
0,0
0,0
0,0
1,0
0,0
18,0
0,0
0,1
0,1
0,0
0,0
0,0
0,0
0,0
0,0
0,0
0,0
0,0
0,0
0,0
12,0
0,0
0,0
0,0
39,0
0,0
0,1
0,0
0,1
0,0
2,1
0,0
0,0
1,0
1,4
0,0
1,0
1,0
2,2
0,3
14,0
7,0
0,1
0,0
0,0
0,0
0,1
0,0
0,0
5,0
0,0
0,1
0,0
0,0
0,0
0,0
0,2
0,1
0,1
0,0
1,0
0,2
0,1
0,8
11,0
0,0
0,0
0,0
0,1
2,5
0,0
0,0
2,0
0,0
0,0
0,6
5,0
1,0
1,0
0,2
2,0
0,0
0,0
0,0
0,0
2,1
0,2
0,0
0,0
0,0
0,1
0,0
0,0
0,0
1,0
0,0
0,1
0,0
0,0
0,0
2,0
0,0
0,0
0,0
0,0
0,0
25,0
0,0
0,0
0,0
0,0
1,0
0,0
99,16
39,3
0,0
0,0
0,0
0,0
0,0
0,0
1,0
0,0
0,0
0,0
1,0
0,0
0,0
0,1
0,0
0,0
2,3
2,1
0,0
0,0
0,0
8,0
0,0
3,0
0,0
9,0
0,0
5,0
0,0
1,0
0,0
6,0
0,1
0,5
0,0
0,0
0,0
0,0
0,0
0,0
0,0
0,0
0,0
0,0
20,5
1,1
1,2
1,1
0,1
0,0
6,0
0,0
0,2
0,0
0,0
0,0
0,0
110,60
0,0
0,0
10,0
0,0
3,1
3,1
0,1
3,1
28,2
0,0
0,0
0,0
0,0
0,0
0,0
0,0
0,0
0,0
17,4
0,0
0,0
0,0
0,2
0,0
0,0
7,0
9,4
0,0
0,0
0,0
0,0
1,1
196,3
0,0
1,0
3,0
0,2
9,0
0,12
0,0
0,0
0,0
0,0
0,0
0,0
0,0
0,0
0,0
0,0
1,0
0,0
0,0
0,0
0,0
0,0
0,0
0,0
3,0
0,0
1,0
0,0
0,0
0,0
0,0
0,0
0,0
0,0
0,0
1,0
0,0
0,0
0,0
1,0
0,1
0,0
0,0
1,0
0,0
0,0
1,1
0,1
0,0
0,0
0,0
0,0
0,0
0,0
0,0
0,1
40,21
0,0
0,0
0,0
0,1
0,0
0,0
0,0
0,0
0,0
0,0
0,0
0,0
0,0
0,0
0,0
1,0
0,0
0,0
0,0
0,0
0,0
0,0
0,0
0,0
6,0
0,0
0,0
5,1
0,0
0,0
0,0
0,0
2,0
30,5
0,0
0,1
0,1
0,0
1,0
2,0
0,0
0,0
0,0
0,0
15,10
40,7
0,0
12,0
1,0
1,0
0,0
0,0
1,0
5,0
0,0
0,1
0,0
0,0
0,0
1,1
9,2
0,0
15,10
0,0
0,0
0,0
0,0
1,0
0,0
0,0
0,0
1,1
1,1
0,0
0,0
0,0
0,0
0,0
0,0
0,0
0,0
3,0
30,2
0,0
0,0
0,0
0,0
0,0
0,0
0,1
0,0
13,1
0,0
2,1
0,2
0,0
0,0
0,0
0,0
0,0
0,0
0,0
0,0
0,0
6,0
21,0
1,3
0,0
127,19
3,24
0,0
17,2
0,0
0,0
0,0
0,0
1,0
42,0
0,0
5,1
2,1
0,1
19,5
0,1
0,0
51,1
60,5
0,0
0,0
0,0
0,1
0,0
1,0
1,0
0,1
0,0
0,0
0,0
0,0
0,3
0,0
0,0
0,0
0,0
0,0
65,1
1,1
0,0
0,0
0,0
0,0
0,0
0,0
4,0
0,0
0,0
2,0
0,1
0,0
0,0
8,5
0,0
0,0
0,0
0,0
0,1
3,0
1,0
1,0
9,0
0,0
0,0
0,0
0,0
0,0
0,0
0,0
0,0
0,0
0,0
0,1
0,0
5,8
0,0
0,0
0,0
0,1
0,0
0,0
0,1
0,0
0,0
0,0
2,0
0,0
0,0
28,0
0,0
0,0
0,0
0,0
0,0
0,0
0,0
0,0
0,0
0,0
0,0
0,1
32,69
1,1
0,0
0,0
1,0
0,0
0,0
0,0
0,0
0,0
0,0
0,1
0,1
0,0
0,0
0,0
0,0
0,0
0,0
0,0
0,1
0,0
0,0
0,0
2,0
0,0
0,0
0,0
0,0
0,0
0,0
0,0
0,3
0,0
0,0
1,0
0,0
6,0
0,0
0,0
0,0
17,4
0,0
0,0
0,0
0,0
0,0
0,0
0,0
0,1
62,10
0,0
17,0
21,1
0,1
0,2
0,0
0,0
0,8
0,2
0,0
0,0
1,0
0,0
150,25
0,0
45,11
0,0
0,0
0,0
4,0
0,0
0,0
0,0
31,0
2,0
5,0
0,3
0,0
15,0
0,0
0,0
0,0
0,0
1,1
0,0
0,0
0,1
2,0
0,0
0,0
14,0
0,0
0,0
0,0
0,0
0,0
0,0
0,0
0,0
0,0
0,0
0,0
1,0
0,1
0,0
9,1
40,1
0,0
1,1
0,0
1,0
0,0
0,0
3,2
2,1
0,0
0,0
0,0
0,0
0,0
2,1
0,0
0,0
1,0
0,1
1,0
0,0
0,0
0,0
0,0
0,1
0,0
0,0
0,0
0,1
31,14
0,0
0,0
0,0
0,0
0,0
0,0
0,0
0,0
0,0
1,0
0,0
0,0
0,0
0,0
0,0
0,0
0,0
1,2
0,0
0,0
0,0
0,0
0,0
0,0
0,0
1,0
0,0
0,0
0,0
0,0
0,0
0,3
19,1
0,1
0,0
0,0
0,1
0,0
0,0
0,1
0,0
0,2
0,0
0,0
0,0
0,0
0,0
0,0
0,0
0,0
4,0
0,1
0,0
1,1
0,0
0,1
0,0
11,2
0,0
0,0
0,0
1,3
2,0
0,4
2,0
0,0
0,1
0,0
0,0
0,0
0,0
1,1
0,1
0,0
1,1
0,0
0,0
0,0
0,0
0,0
11,0
0,1
0,0
0,0
0,1
32,3
0,0
0,0
11,0
5,0
18,3
0,7
1,0
0,0
0,0
0,1
0,0
3,0
0,0
0,0
0,0
0,0
0,1
0,0
3,0
0,0
0,0
0,0
2,0
5,0
1,0
0,1
0,1
0,0
0,0
0,0
0,0
7,36
0,0
0,0
3,2
0,1
0,7
0,0
0,0
0,0
0,0
0,0
0,0
0,1
0,0
0,1
0,0
3,0
2,0
0,0
0,2
0,0
0,0
3,3
0,0
26,3
0,0
1,0
3,0
0,0
1,0
0,0
0,1
0,0
0,1
1,0
1,1
1,0
0,0
0,0
0,1
0,0
0,0
0,0
0,0
1,1
0,0
0,0
1,0
44,9
0,0
4,1
0,10
0,0
3,2
0,0
0,0
3,1
10,0
0,0
0,1
1,0
0,0
0,5
0,0
2,0
0,0
0,0
0,0
0,0
20,0
0,0
0,0
0,0
0,0
0,0
0,0
3,0
0,0
0,0
0,0
2,0
0,0
0,0
0,1
3,0
0,0
0,0
0,0
0,0
2,1
0,0
0,1
0,0
0,0
1,0
0,1
0,0
2,0
0,0
0,2
0,0
0,0
0,0
11,0
2,1
0,0
0,0
0,0
0,0
0,0
0,0
0,0
0,0
0,0
0,0
0,1
0,0
2,0
0,0
0,0
0,0
0,1
0,0
0,0
8,0
0,0
0,0
0,1
0,0
0,0
0,0
0,0
0,0
0,0
0,1
0,0
2,0
0,0
0,0
2,0
0,0
2,0
0,0
0,0
0,0
0,0
0,0
0,0
0,0
0,0
0,0
1,0
0,0
0,3
250,72
0,0
0,0
1,0
1,0
1,0
0,0
22,0
0,1
0,1
0,0
0,0
0,0
0,0
0,0
0,0
0,0
36,2
0,0
1,0
12,0
0,1
0,0
45,7
0,1
11,0
5,1
0,0
0,0
0,0
0,0
0,0
0,0
3,0
0,0
0,0
0,1
0,0
0,0
0,0
0,0
0,0
0,0
1,0
3,0
0,0
10,0
25,2
0,0
0,0
0,0
0,0
0,0
38,7
16,5
0,2
0,1
0,0
0,0
7,1
0,0
0,0
0,0
0,0
0,2
0,0
0,1
0,0
0,0
0,0
0,0
0,0
0,1
0,1
13,0
0,0
18,0
0,0
4,0
8,0
0,1
0,1
0,1
0,0
0,0
0,0
0,0
1,0
0,0
0,0
1,0
0,0
17,4
0,0
0,0
0,0
0,0
0,0
0,0
0,0
0,0
0,0
0,0
0,0
3,0
1,2
0,0
0,0
0,0
0,0
0,0
0,0
0,0
1,0
1,0
2,2
9,0
10,0
0,0
0,2
7,5
19,1
0,0
0,4
0,0
1,0
0,0
0,0
0,16
0,0
8,7
3,0
0,2
20,0
0,0
0,115
0,0
0,0
1,0
0,0
0,0
0,0
2,0
0,0
0,0
0,0
0,0
0,0
0,0
0,0
2,0
0,0
0,1
0,1
0,0
0,0
0,0
4,1
1,1
3,2
0,0
0,0
0,0
0,0
0,0
0,1
1,3
20,8
0,0
8,2
1,0
19,10
0,0
0,0
0,0
0,5
0,0
0,0
0,0
0,1
0,0
1,2
13,0
0,0
0,0
0,0
0,1
0,0
0,0
0,3
0,0
0,0
0,0
0,0
0,1
6,0
0,0
0,0
0,0
11,5
0,0
0,2
0,0
0,0
3,1
0,0
0,0
0,0
0,0
0,0
0,0
0,0
0,0
0,2
0,3
2,0
0,6
0,0
0,0
0,0
0,0
0,0
1,0
3,0
0,0
0,0
0,0
0,0
0,0
13,0
0,0
2,0
0,0
0,0
0,0
0,0
0,0
0,0
0,0
0,0
0,0
1,0
4,0
2,0
0,0
2,0
0,0
0,0
0,0
0,1
0,0
0,1
0,0
15,7
4,0
0,2
0,1
0,0
0,0
0,0
0,0
0,2
0,0
3,2
0,29
0,0
0,0
0,0
0,0
0,0
17,5
0,0
0,0
0,0
0,0
11,4
7,1
0,0
0,0
0,0
0,0
0,0
0,0
0,0
0,0
0,0
0,0
6,0
0,0
0,0
0,0
0,1
0,0
2,4
0,0
1,0
1,0
1,0
0,0
0,1
0,1
2,1
1,2
9,0
0,0
0,0
0,0
0,0
0,0
0,0
0,0
0,0
0,0
0,0
1,0
4,0
14,1
0,0
19,3
0,0
0,0
21,7
0,0
0,2
0,0
1,0
1,1
0,0
0,0
0,0
0,0
0,0
1,0
0,1
0,0
0,10
0,0
0,0
0,0
0,2
1,1
0,0
0,0
2,0
0,0
0,0
4,13
0,0
0,1
1,0
0,1
0,0
0,0
0,0
0,0
0,0
0,1
7,0
0,0
0,0
0,0
0,0
0,2
98,11
9,0
0,0
4,0
0,0
3,0
0,0
0,0
0,0
0,0
0,0
27,2
0,1
1,2
0,0
0,0
0,0
0,0
0,0
0,0
0,0
0,0
0,7
0,0
0,30
0,1
25,0
0,2
0,0
1,0
0,0
0,0
0,30
13,3
5,0
0,0
0,0
0,0
15,0
1,1
0,0
0,0
22,10
0,0
0,0
0,0
1,0
0,0
0,0
0,0
0,0
0,0
0,0
0,0
0,0
3,0
0,0
1,0
0,0
0,1
0,0
8,0
3,0
0,1
0,0
0,0
0,0
0,0
0,0
0,0
0,0
0,0
0,0
0,0
0,0
1,0
0,0
0,0
0,1
0,0
0,0
0,0
2,0
0,0
5,0
4,0
0,0
0,0
0,0
1,0
0,0
0,0
0,0
0,5
9,2
13,2
5,1
0,1
0,8
0,0
0,1
0,0
0,0
12,1
0,0
12,270
0,1
23,0
0,0
1,0
0,0
0,0
0,1
0,0
0,1
0,0
0,0
1,0
5,1
0,0
0,0
0,0
0,3
1,1
1,0
0,0
2,0
0,0
0,0
0,0
0,0
1,0
0,0
0,0
0,0
0,0
0,0
5,3
0,0
0,0
0,0
0,1
0,0
0,0
0,0
0,0
0,2
0,2
0,0
5,0
0,0
0,0
0,1
8,0
0,0
0,1
0,1
0,3
0,0
1,0
2,0
0,0
0,0
0,0
0,0
0,0
3,1
0,0
0,0
0,0
7,0
0,0
0,3
1,0
0,0
0,0
5,0
0,1
0,0
0,3
0,0
0,0
0,0
2,0
0,0
17,0
0,3
6,0
100,6
2,0
0,0
0,0
0,0
0,0
0,0
2,0
2,0
8,1
1,0
2,0
0,0
0,0
0,0
0,1
0,1
0,0
0,1
5,0
0,0
0,0
0,0
0,0
0,0
0,0
0,0
0,1
0,0
6,0
0,0
0,0
0,0
1,0
0,0
0,0
120,12
1,1
0,0
0,0
0,3
0,0
0,1
0,3
0,0
0,0
0,0
0,0
0,2
0,0
0,0
0,0
0,0
0,0
0,0
0,0
0,0
0,0
0,0
0,0
0,0
0,0
0,0
0,0
0,0
4,0
0,0
0,0
0,0
0,0
1,1
0,0
0,1
0,0
0,0
0,1
0,0
0,0
1,1
0,0
0,0
0,0
0,0
3,2
0,0
0,0
3,0
0,0
0,0
0,0
0,0
1,0
0,0
0,0
0,0
0,2
0,0
0,0
0,0
0,0
0,0
6,1
0,2
0,0
0,1
1,0
0,0
0,0
0,0
0,2
0,0
0,0
0,0
0,1
4,6
0,0
1,0
5,0
0,0
1,0
0,0
0,0
0,0
0,1
0,0
0,0
4,0
2,0
0,0
2,1
0,0
5,1
29,10
0,0
33,0
0,0
27,16
0,0
0,0
16,1
0,1
0,0
0,0
0,0
1,3
7,0
1,1
0,0
0,0
6,0
0,0
2,0
0,0
0,0
0,0
0,0
0,0
0,0
0,0
0,0
0,0
0,0
30,4
0,1
2,0
0,2
0,1
6,2
0,0
0,0
0,24
0,0
1,0
0,0
0,0
1,0
1,1
0,0
0,0
0,0
0,0
2,0
1,0
0,0
0,0
0,1
0,0
0,0
0,1
0,0
0,0
0,0
0,0
0,0
0,0
0,0
1,0
0,0
0,0
0,0
0,0
2,3
0,0
3,0
0,0
0,171
25,0
0,0
2,0
0,0
0,0
0,0
0,0
1,2
0,0
0,2
0,0
0,0
0,0
0,0
0,0
0,0
0,0
0,0
0,0
0,0
0,0
0,1
0,0
0,0
0,0
0,0
0,0
0,0
0,0
3,0
1,0
0,0
0,0
0,0
0,0
4,0
0,0
0,1
3,1
0,1
35,10
0,0
0,0
0,0
0,0
0,0
0,1
0,0
0,3
0,0
0,0
4,0
0,0
0,0
0,0
0,0
1,0
0,0
0,0
0,0
0,0
1,0
1,0
0,0
0,0
0,0
0,0
0,0
0,3
0,1
1,0
1,0
0,0
0,0
0,0
0,0
0,0
0,0
0,0
0,0
0,0
0,0
0,0
0,0
0,0
0,0
0,0
0,0
0,0
0,0
0,0
0,0
0,0
0,0
0,0
3,0
0,0
0,0
0,0
0,0
0,0
0,0
1,2
0,0
0,0
0,2
0,0
0,0
0,0
0,0
0,0
0,0
1,0
1,0
1,1
0,0
1,1
0,0
0,0
19,11
0,0
0,0
0,0
0,0
0,1
1,0
0,2
0,0
0,0
0,0
0,0
0,0
0,0
0,0
0,0
0,0
0,3
0,0
0,0
15,1
0,1
25,1
0,1
1,0
27,1
0,0
0,2
0,0
1,0
7,0
1,0
0,0
0,0
0,0
0,0
0,0
0,0
0,0
0,0
0,0
0,0
0,0
0,0
2,0
1,0
1,1
0,1
0,1
0,1
0,0
0,0
0,0
0,0
0,0
0,1
0,0
35,11
0,0
0,2
1,0
0,0
0,0
0,0
0,1
10,0
0,0
0,0
0,0
0,0
0,0
0,0
0,0
0,0
0,0
0,0
0,2
1,0
12,1
0,0
0,0
3,0
0,1
0,0
0,0
0,1
0,1
0,2
0,0
0,0
0,0
9,1
0,0
0,0
0,0
0,0
0,0
0,0
0,13
0,0
0,1
0,0
4,0
0,0
2,0
0,0
0,0
0,0
0,0
0,0
0,0
3,0
0,0
1,0
0,0
3,0
0,0
0,1
0,0
0,1
0,0
0,0
0,0
0,0
0,0
0,0
0,3
0,2
0,0
0,0
0,0
0,0
0,0
0,0
0,0
1,0
0,0
0,0
0,0
0,0
15,1
0,0
0,0
1,0
0,0
0,0
7,0
0,0
0,0
0,0
1,0
1,1
0,1
0,0
0,0
0,0
0,0
0,0
0,0
0,0
0,0
0,1
1,3
0,0
0,0
0,0
0,1
0,0
0,0
0,0
0,0
0,0
0,0
1,0
0,1
26,4
3,1
0,0
0,0
5,2
0,0
0,0
0,0
0,0
0,0
0,0
20,1
0,5
0,0
0,0
0,0
0,0
0,0
0,0
2,0
0,0
0,0
0,1
0,0
0,3
0,0
0,0
0,1
0,0
0,3
0,0
0,0
0,0
0,0
0,0
0,0
0,0
0,0
0,0
0,0
0,0
0,0
0,0
0,0
0,0
0,0
0,0
0,0
0,0
0,0
0,0
0,0
0,0
0,0
0,0
0,0
0,0
0,0
0,0
0,0
0,0
0,0
0,0
1,1
0,0
0,0
0,0
0,0
0,0
0,0
0,0
0,0
0,0
0,0
0,0
0,0
0,0
0,0
1,0
0,0
0,1
0,0
0,0
0,0
0,0
0,0
0,0
0,0
0,2
0,0
0,0
0,0
20,2
0,0
0,0
0,0
0,0
0,0
0,0
0,0
0,0
0,0
0,0
0,0
0,0
0,0
0,0
0,0
0,0
0,0
0,0
0,0
0,0
0,0
0,0
0,0
0,0
0,0
0,0
0,0
0,0
0,0
0,0
0,0
0,0
0,0
0,0
0,0
0,0
0,0
0,0
0,0
0,0
0,0
0,0
0,0
0,0
0,0
0,0
0,0
0,0
0,0
0,0
0,0
1,0
2,0
4,0
0,0
0,0
0,0
0,0
2,0
1,0
0,0
0,0
0,0
0,0
0,0
0,0
0,1
0,0
0,0
4,3
0,0
0,0
0,0
0,0
0,0
0,0
0,0
0,0
0,1
0,0
0,0
0,0
0,1
0,0
0,0
0,0
0,0
0,0
0,0
0,0
0,0
1,0
0,0
2,0
0,0
0,0
0,0
0,0
0,0
0,0
0,0
0,0
0,0
1,0
0,0
0,0
0,0
0,0
0,0
0,0
0,0
0,0
0,1
0,0
1,0
0,1
9,3
0,0
0,0
0,1
0,0
0,4
0,1
0,1
0,1
0,0
3,6
0,1
1,0
0,0
0,0
1,0
0,4
0,0
1,0
0,0
0,0
0,1
0,1
0,0
0,0
0,0
0,0
0,0
0,0
0,0
0,0
0,0
0,0
0,0
0,0
0,0
0,0
0,0
0,0
0,1
0,0
4,0
0,2
0,0
0,13
0,5
0,0
0,0
0,0
1,0
0,0
0,0
0,0
0,0
1,0
0,0
0,1
0,0
0,0
4,0
0,0
0,0
0,1
0,0
2,0
1,0
0,0
18,8
0,0
3,1
9,14
0,0
0,0
0,8
0,1
0,1
0,0
2,0
0,0
0,0
0,0
0,0
0,0
0,1
1,0
0,0
0,0
0,1
0,0
1,0
0,0
0,3
0,1
0,0
0,0
0,0
0,0
1,0
0,0
0,0
0,0
0,0
0,0
0,0
0,0
0,0
0,0
0,1
1,0
3,0
0,0
0,0
0,0
0,0
3,0
0,0
0,0
0,0
2,1
0,0
0,0
0,0
1,0
0,0
0,0
0,0
0,1
0,0
0,6
0,0
0,0
0,0
43,2
0,0
0,0
0,0
1,0
0,0
0,0
0,0
0,0
0,0
0,0
0,0
0,1
0,0
3,0
0,0
0,0
0,0
0,1
0,0
0,1
19,1
0,0
0,0
0,0
2,0
0,0
1,1
1,0
0,0
0,0
1,0
0,0
8,1
0,0
0,0
0,0
0,0
0,1
0,0
0,0
0,0
0,0
0,0
0,0
1,0
0,0
0,0
0,9
0,0
0,0
0,0
6,0
0,0
0,0
1,0
0,0
0,0
0,1
0,0
0,0
0,0
0,1
3,0
0,3
0,0
0,0
0,1
1,0
0,0
0,0
0,0
0,0
0,0
0,0
0,0
0,3
0,0
1,3
0,0
0,0
0,0
28,0
1,0
0,1
0,0
0,0
0,0
0,0
0,1
250,28
19,3
0,0
0,0
0,0
0,0
0,0
0,0
0,0
0,0
0,0
0,0
0,0
0,0
3,1
0,0
0,0
0,0
0,0
0,1
0,0
0,0
0,1
0,0
0,0
0,0
0,0
0,0
0,0
0,0
0,1
6,0
0,0
3,0
0,0
0,0
2,0
1,0
0,0
9,1
2,0
0,1
0,0
1,0
1,0
0,0
0,4
0,1
0,0
0,0
0,0
0,0
0,0
0,0
0,0
0,0
0,0
9,0
0,0
0,0
0,0
0,0
0,4
0,0
0,0
0,0
19,4
0,0
0,1
0,0
2,0
1,0
0,0
0,0
0,0
0,0
0,0
4,0
1,0
0,0
1,0
0,0
0,0
1,1
0,1
0,0
6,0
0,0
0,0
0,0
4,0
0,0
0,0
1,1
0,0
0,0
0,4
0,0
1,0
0,1
0,0
1,0
0,0
0,1
0,0
0,0
0,0
0,0
0,0
1,0
3,0
0,0
0,0
0,0
100,9
0,0
0,0
0,0
0,0
0,0
2,0
0,1
0,0
0,0
0,0
0,1
0,0
0,0
0,0
0,0
0,0
0,0
1,0
0,2
0,0
0,0
2,1
0,1
3,0
0,0
0,0
0,0
0,0
0,0
0,0
0,0
0,0
0,0
0,0
0,0
0,0
0,0
0,0
0,0
0,0
0,0
0,0
0,0
1,0
0,0
0,0
0,0
0,0
1,0
0,0
2,1
2,0
0,0
0,1
0,0
0,0
3,0
0,0
0,0
0,9
10,0
0,0
0,0
0,0
0,0
2,0
0,0
8,0
1,1
0,0
0,0
0,0
1,0
0,1
0,0
1,0
0,1
0,1
0,0
0,0
0,0
2,0
0,8
0,0
0,0
0,1
0,0
0,0
0,0
0,0
0,2
7,0
0,1
0,1
0,0
0,0
0,0
4,1
2,3
0,0
0,0
0,0
0,0
0,0
0,1
4,2
0,0
0,0
11,0
10,0
1,0
0,0
0,2
3,2
0,0
0,0
0,1
0,0
25,0
0,1
0,4
0,6
0,0
3,0
0,0
0,0
0,0
0,0
0,0
0,1
0,0
0,0
0,0
1042,6
20,4
0,0
7,2
1,0
0,0
2,0
0,2
0,1
0,0
0,0
0,0
0,0
1200,317
0,0
0,0
1,0
0,0
0,1
0,1
0,1
0,0
6,0
0,0
0,0
0,1
0,2
0,2
0,0
3,3
0,0
0,0
0,0
0,0
2,3
0,0
5,1
0,0
0,0
0,0
0,1
0,2
0,0
1,0
0,0
0,0
0,1
5,0
6,3
0,0
0,1
0,0
0,0
1,1
0,0
0,0
0,2
0,2
0,0
0,0
0,1
3,1
0,0
0,0
0,0
14,1
15,1
0,0
0,0
0,2
0,1
3,0
0,0
0,0
0,0
0,0
0,0
0,0
0,0
0,0
6,0
0,0
7,1
0,0
0,0
0,0
0,0
0,0
0,0
0,0
0,0
0,0
0,0
0,0
0,0
0,0
1,0
26,0
1,0
2,0
0,0
3,2
0,0
2,1
0,0
4,0
0,0
7,1
18,0
0,0
0,0
0,0
3,0
0,1
0,4
1,1
0,0
0,0
0,1
0,0
0,0
0,0
11,0
4,8
0,0
0,0
0,0
6,0
0,0
0,1
1,2
0,3
3,0
0,0
1,0
0,0
0,0
0,0
0,0
2,1
0,7
3,0
1,0
0,0
0,0
0,0
2,0
0,0
0,4
0,0
0,0
7,3
0,2
0,1
0,3
0,0
3,0
0,0
0,0
0,0
0,0
0,0
0,4
0,0
12,1
0,0
0,0
1,0
0,0
0,0
0,0
2,2
50,3
0,0
0,0
2,4
0,0
0,0
0,0
0,0
1,0
0,0
0,0
0,1
0,0
0,0
0,0
0,0
0,0
0,0
0,1
0,0
0,0
0,0
1,0
0,1
0,0
1,2
0,1
0,1
0,0
0,0
2,0
0,0
1,0
0,0
11,0
16,0
0,2
4,1
0,0
11,0
1,0
1,1
0,0
0,1
0,0
0,0
0,0
0,0
0,0
0,0
0,0
0,0
0,0
0,0
0,1
0,2
1,0
0,0
2,1
0,0
0,0
0,0
0,1
0,0
0,0
0,0
0,0
0,0
0,0
0,0
0,1
0,0
0,0
1,2
2,0
0,0
0,0
2,0
0,0
0,0
0,0
0,0
0,0
0,0
0,0
0,0
0,0
1,0
0,0
0,0
0,1
0,0
0,0
0,0
0,0
0,0
0,0
4,0
0,0
0,0
0,1
0,0
11,0
0,0
0,0
250,40
1,0
0,0
1,0
2,0
3,1
1,0
0,0
0,0
0,0
0,0
0,1
2,0
0,0
0,0
0,0
0,0
0,0
0,1
53,12
1,0
0,1
7,0
0,2
2,0
0,1
0,0
0,0
4,0
2,0
0,1
3,0
0,0
0,1
0,0
0,0
0,1
0,2
0,1
0,2
12,2
0,0
0,0
0,1
0,0
0,0
30,6
0,0
4,0
0,0
0,0
0,0
0,0
0,0
0,0
0,0
16,0
1,0
0,0
6,0
1,0
0,2
3,0
3,0
0,0
0,0
0,0
0,0
1,5
0,0
0,0
5,14
1,0
1,1
0,0
0,1
0,0
0,1
0,0
0,0
0,0
0,0
0,0
0,0
1,0
0,0
0,0
0,0
70,25
10,0
0,0
21,1
0,0
0,2
0,2
0,1
0,2
0,0
0,0
0,1
0,0
0,1
0,1
0,7
0,0
2,0
0,5
0,4
0,1
1,4
4,0
0,0
0,0
0,0
0,0
4,0
0,0
8,1
236,96
8,2
0,1
0,0
0,21
2,0
1,0
0,0
0,13
15,0
5,0
0,0
1,0
0,0
2,0
1,5
0,0
0,0
0,0
0,1
0,1
1,2
0,0
0,0
0,0
0,0
0,0
0,0
0,0
0,0
0,0
0,0
0,0
0,0
0,0
0,0
0,0
0,0
0,0
0,0
0,0
29,0
0,0
0,0
29,1
100,8
0,0
1,0
0,2
1,0
0,0
0,0
0,0
0,0
0,2
0,0
1,0
0,0
0,4
0,0
0,0
0,0
5,15
0,0
0,0
50,32
0,0
0,0
0,0
50,2
15,0
0,0
0,0
0,0
0,0
0,0
0,0
0,0
0,0
0,0
3,0
8,1
3,2
5,2
0,2
0,0
0,0
1,0
0,0
0,0
9,7
2,2
0,0
3,1
0,0
0,2
0,0
0,0
0,3
0,5
0,0
0,0
0,0
0,0
0,0
0,0
0,0
2,0
0,0
0,0
0,0
3,0
3,1
0,1
0,4
0,0
0,0
0,0
0,1
1,0
4,0
0,1
0,1
13,4
0,1
0,2
2,1
0,0
0,1
0,2
0,1
45,23
0,0
7,0
0,0
0,0
0,2
4,1
0,0
0,0
0,0
0,0
0,1
0,0
0,0
0,0
0,0
0,0
0,1
2,0
1,0
3,0
3,0
0,0
0,0
0,1
0,0
0,0
0,1
0,0
0,0
10,1
8,0
0,0
0,0
0,0
0,0
16,3
20,3
13,12
2,0
0,4
0,9
6,0
0,1
1,2
0,2
0,0
0,0
0,0
1,1
62,22
4,1
0,1
1,1
0,0
0,0
0,1
0,0
0,0
0,0
0,0
0,0
0,0
0,6
0,1
0,1
6,1
1,0
0,0
0,0
0,0
0,0
0,0
0,0
0,0
0,0
0,1
0,0
0,0
0,0
0,0
0,0
0,0
0,0
0,0
0,0
0,0
0,0
0,5
5000,12
0,0
0,0
0,1
7,1
0,0
0,0
1,1
0,0
0,0
40,9
0,0
0,0
0,0
0,0
0,1
0,0
0,0
0,0
0,0
0,0
0,0
0,0
0,0
0,0
0,0
0,0
0,1
1,0
0,1
2,0
0,1
4,8
3,0
3,3
0,2
0,0
0,0
1,0
0,0
0,1
0,0
0,0
0,0
1,0
12,1
0,0
0,0
168,15
0,0
0,0
200,7
0,1
0,0
12,3
18,0
2,7
0,0
8,2
0,0
0,0
0,1
0,16
29,1
0,4
0,1
0,0
25,3
25,4
0,0
0,2
0,0
0,0
1,0
2,2
2,0
1,0
0,0
1,0
0,0
0,0
0,0
2261,2749
0,44
76,189
5,6
0,0
0,0
0,0
0,0
0,0
2,0
0,0
0,0
0,0
0,0
0,0
0,0
0,0
0,0
1,1
4,0
0,0
0,0
0,1
0,2
1,0
0,1
0,1
1,0
8,2
4,1
8,1
0,0
0,4
0,0
0,0
0,1
0,3
0,2
0,0
0,0
0,0
30,6
91,7
0,0
0,0
0,0
0,0
0,0
0,0
0,0
0,0
0,0
0,0
0,0
0,0
0,0
0,0
0,0
0,0
0,0
11,0
0,0
0,0
0,0
0,0
0,0
30,2
8,0
4,2
1,0
3,1
0,0
0,1
0,2
4,0
0,25
0,0
0,0
0,2
20,2
0,0
1,1
14,0
1,1
9,5
0,1
0,0
0,1
0,0
0,0
0,1
0,0
0,0
0,0
12,0
0,0
0,0
4,6
1,0
0,0
0,0
0,0
0,1
0,0
0,0
0,0
1,0
0,0
0,0
11,1
0,1
0,0
0,0
2,1
10,0
0,0
3,0
1,1
0,0
3,0
60,7
0,1
0,0
5,1
60,17
0,0
30,0
0,0
0,1
0,1
7,0
0,1
0,0
0,0
1,2
0,0
1,0
0,2
0,0
1,0
0,1
0,0
2,0
0,0
100,45
0,0
0,0
0,0
0,0
0,0
0,0
0,0
0,0
0,2
0,8
13,0
0,0
1,0
0,0
20,4
38,10
0,0
0,0
7,3
0,0
1,0
0,0
1400,96
0,0
0,0
0,0
0,0
0,0
0,0
0,0
0,0
3,0
4,0
0,0
0,0
0,2
50,23
25,3
2,1
34,2
7,19
163,15
1,2
0,1
0,0
0,0
0,7
0,0
0,4
2,0
0,0
1,0
50,25
0,0
0,1
2,1
0,1
0,7
0,0
0,2
0,0
0,4
0,0
0,0
30,0
0,0
15,18
37,12
0,0
0,1
1,3
1,1
0,0
0,0
0,0
0,0
0,6
0,1
0,0
0,0
0,0
0,0
0,0
0,0
0,0
0,0
0,0
2,0
2,8
0,0
0,0
0,0
1,0
7,4
0,0
0,3
0,2
0,1
0,2
0,1
0,2
0,5
0,0
0,2
0,0
0,0
0,0
23,10
502,19
0,0
0,0
0,0
0,0
0,0
0,0
0,0
0,1
53,0
0,0
0,0
0,0
0,0
0,0
68,9
0,0
1,0
0,0
0,0
0,0
1,0
0,0
0,0
2,0
0,0
0,0
0,0
0,0
62,4
0,0
0,0
0,0
0,0
0,0
0,0
0,0
0,0
0,0
0,0
0,2
0,0
0,0
0,0
17,1
0,1
0,0
0,0
0,0
9,0
0,0
0,0
3,3
0,0
0,2
0,0
0,0
0,0
0,0
0,0
0,0
0,0
0,3
0,0
0,0
2,0
1,0
0,0
2,0
0,0
1,0
0,0
1,1
0,0
0,0
0,0
0,0
2,0
2,0
0,0
0,0
0,0
0,0
0,0
0,0
2,1
2,1
0,0
0,0
0,0
0,0
0,0
0,1
1,0
0,2
0,4
29,0
0,0
2,1
0,0
0,0
0,0
0,0
1,0
0,1
0,0
40,17
0,0
0,0
48,127
10,0
0,0
0,0
0,1
0,0
3,0
90,4
0,0
0,0
0,0
0,1
0,0
0,0
8,3
0,0
6,7
0,0
38,2
0,1
100,13
0,0
0,0
0,0
0,0
0,0
0,0
0,0
0,0
0,17
0,6
1,6
0,0
0,0
0,0
0,0
0,6
0,0
2,1
42,11
0,0
0,0
6,0
0,0
0,0
0,0
0,0
0,0
0,0
0,0
0,0
0,0
2,0
0,0
0,0
13,0
0,0
0,0
0,0
0,0
0,0
2,0
0,0
0,0
0,0
0,0
0,0
7,2
0,0
0,0
0,0
0,0
0,0
0,0
0,0
1,0
0,1
0,5
0,0
0,7
1,3
0,3
4,2
74,9
0,0
0,0
48,3
1,0
9,0
0,0
0,6
0,0
0,0
0,1
0,0
0,0
100,19
0,1
0,2
0,0
0,0
0,0
1,0
0,0
0,0
0,0
0,0
0,0
0,0
6,3
0,0
0,0
10,9
0,0
0,0
0,0
0,0
0,0
0,0
2,0
0,0
0,0
0,0
0,0
0,4
0,3
0,0
0,0
0,1
7,0
0,0
1,0
0,0
0,0
0,1
0,0
0,0
3,0
0,0
0,0
0,0
0,0
0,0
1,0
8,10
0,2
0,0
0,0
0,0
0,0
3,0
0,0
0,5
24,74
0,0
0,0
0,1
1,1
0,0
0,0
0,0
0,0
0,0
1,0
0,0
0,0
0,0
0,1
7,0
42,1
1,1
3,6
25,9
9,1
5,3
0,0
50,7
65,2
0,0
2,1
13,1
3,3
5,3
37,2
0,0
0,0
50,10
1,3
3,2
2,6
8,2
15,1
138,7
20,4
31,2
110,21
14,2
3,1
13,1
13,1
50,4
13,1
4,11
1,1
8,6
1,1
6,31
0,0
2,1
8,7
16,3
7,1
1,2
10,6
4,1
1,3
61,2
25,1
2,1
13,3
4,1
2,3
4,3
45,6
100,8
20,1
60,38
0,0
4,1
23,11
3,1
165,252
0,0
0,0
11,3
0,0
0,0
0,0
5,1
15,2
0,0
1,1
0,0
17,1
1,1
0,0
1,1
1,0
8,1
9,5
14,1
7,4
0,0
14,4
14,2
0,0
0,0
0,0
2,2
0,0
3,2
3,2
2,1
24,5
30,4
3,2
1,1
1,0
35,3
5,3
3,1
20,1
11,4
1,1
2,1
12,3
5,18
31,6
50,11
44,4
5,3
15,2
3,3
18,3
1,1
14,2
2,1
1,1
0,1
2,1
0,0
0,0
3,1
1,2
0,0
4,1
0,0
7,2
0,0
0,0
2,1
0,0
0,0
43,5
1,5
0,0
0,0
6,3
0,5
5,2
0,0
15,2
2,1
1,0
1,1
0,0
0,0
0,0
2,1
3,1
3,1
1,1
9,4
1,1
150,12
4,3
5,1
0,0
0,0
4,2
6,3
8,1
1,1
2,1
29,1
1,1
1,1
0,0
1,1
35,7
1,1
26,1
115,2
44,3
1,1
5,13
0,4
2,1
0,0
1,1
5,16
20,5
0,0
40,5
3,4
1,2
1,1
13,4
3,2
3,4
1,2
5,0
1,1
0,1
6,3
50,5
6,3
8,2
1,1
1,1
16,1
21,10
30,1
8,2
2,2
8,1
2,3
4,10
31,4
1,1
3,2
0,0
2,2
45,10
14,1
23,6
40,12
50,4
0,0
1,0
0,0
9,3
7,1
0,0
5,1
1,1
1,1
0,0
2,1
7,6
1,1
0,0
0,3
1,1
0,0
2,2
45,5
16,2
28,1
1,1
0,0
1,1
30,9
1,1
3,1
27,8
60,4
0,0
25,3
1,3
3,2
28,3
15,1
0,0
1,2
1,2
130,29
1,5
30,3
10,8
19,4
17,5
10,1
1,3
12,1
1,1
0,0
0,0
4,1
46,16
2,2
4,2
1,1
3,1
0,0
0,0
4,2
1,2
2,1
21,10
35,2
12,1
1,1
16,4
0,0
0,0
70,12
1,1
6,3
1,1
1,1
1,1
19,9
3,4
7,2
62,6
3,7
10,3
4,5
4,5
2,5
2,3
0,1
25,13
42,1
5,0
3,5
9,1
6,4
9,0
0,0
4,2
5,3
7,0
71,15
30,7
4,0
63,4
2,0
10,14
7,4
8,0
4,0
2,2
41,17
2,0
1,0
0,5
25,14
0,0
3,1
5,1
2,1
0,400
30,6
9,18
20,15
10,0
100,12
10,0
7,4
1,1
0,1
0,0
5,1
1,0
30,4
25,23
25,11
24,1
12,3
1,1
5,2
1,1
1,1
56,4
0,1
1,2
12,1
0,0
70,60
36,7
100,43
0,0
1,1
0,0
70,103
10,1
0,0
0,1
0,1
27,4
5,1
20,3
1,1
2,4
12,4
17,4
1,2
13,3
0,1
10,18
12,0
1,1
5,4
11,2
1,1
2,3
0,1
50,20
20,7
0,2
0,2
45,11
2,3
4,5
4,6
3,4
7,1
5,1
50,9
0,0
0,0
66,3
2,1
0,0
0,0
2,0
15,0
1,1
0,0
6,2
0,0
4,1
8,3
0,0
0,0
0,0
1,1
2,0
2,2
0,0
0,0
1,1
1,1
0,0
0,0
0,0
0,0
4,0
4,0
1,1
1,0
20,0
0,2
3,1
1,0
1,0
0,1
30,28
13,0
10,0
4,8
10,0
17,4
4,1
0,0
0,0
0,0
0,0
0,0
0,1
2,1
2,0
9,1
1,0
7,9
4,3
2,5
180,40
3,4
5,2
10,6
4,0
4,2
4,1
17,1
32,2
25,18
0,0
15,2
2,2
1,1
3,5
6,6
2,2
0,0
0,0
3,2
13,4
1,1
1,5
252,32
35,5
30,5
26,9
8,1
23,2
0,0
0,0
0,0
4,3
0,0
0,0
0,0
0,0
2,2
5,2
3,1
3,2
1,1
28,5
11,1
3,21
0,0
1,1
0,0
0,1
0,0
0,0
8,0
0,0
1,0
0,0
0,0
0,0
0,0
0,0
2,1
27,6
0,0
0,0
6,5
0,0
0,0
0,0
0,0
2,1
2,2
0,0
0,0
0,2
2,1
1,1
3,2
0,0
18,9
38,7
1,1
1,1
0,0
0,0
0,0
0,0
0,0
0,0
0,0
2,0
1,0
1,0
1,0
2,0
0,0
0,0
0,0
35,0
0,0
24,29
0,0
0,0
2,0
36,30
0,1
2,3
4,1
0,0
1,1
7,2
20,3
3,2
30,17
10,7
2,3
1,2
1,1
21,12
2,1
3,6
1,1
1,1
13,3
1,4
3,1
42,17
3,1
13,1
14,4
18,2
3,2
5000,213
77,11
11,7
39,13
6,30
27,1
61,17
13,2
4,13
36,23
4,5
3,6
5,2
29,11
20,2
7,2
1,3
7,25
8,2
2,2
1,1
2,1
3,5
6,35
1,1
1,1
14,1
3,2
0,0
1,1
0,0
0,0
1,1
0,0
2,2
1,0
2,9
14,1
6,0
0,0
0,1
8,5
5,1
0,0
0,0
0,0
2,1
1,5
0,0
0,0
2,1
1,1
17,6
0,0
25,2
0,0
6,1
3,1
60,4
3,2
4,1
1,1
0,1
2,1
0,0
49,2
0,0
0,0
0,0
3,2
3,2
1,1
0,0
0,0
0,0
1,1
3,2
1,1
0,0
0,0
0,0
8,2
2,1
40,10
14,2
2,2
1,1
2,2
1,1
0,1
4,2
0,0
3,6
28,9
23,6
6,2
0,0
1,2
0,1
0,0
6,5
2,1
0,0
1,1
0,1
0,0
1,1
0,1
6,2
2,2
8,2
0,0
2,1
1,2
170,30
2,4
2,4
2,2
5,1
0,0
3,3
2,2
0,0
0,0
35,71
0,0
1,1
0,0
0,0
1,0
0,0
0,0
0,0
0,0
2,1
0,0
0,0
38,1
2,1
0,0
0,0
0,0
0,0
0,0
6,7
2,2
6,1
0,0
1,1
5,0
5,2
4,2
1,0
0,1
1,7
2,1
1,1
4,2
48,7
0,0
3,1
0,0
3,0
0,0
4,1
1,4
1,0
8,0
12,6
0,2
0,0
2,0
4,0
0,0
16,0
0,0
1,1
8,0
0,0
1,0
0,0
0,0
0,0
0,1
0,0
2,0
0,0
0,0
2,0
9,0
0,0
19,4
5,0
0,0
10,0
0,0
1,0
0,0
2,0
1,0
4,0
9,0
1,0
1,1
1,0
4,2
0,4
0,12
0,8
0,3
0,3
0,2
0,1
0,4
0,4
0,1
0,0
0,1
4,0
2,0
2,1
1,2
0,0
0,0
0,0
0,0
0,0
0,0
0,0
0,0
1,0
0,0
3,0
1,0
0,0
0,0
0,0
0,0
0,0
0,0
0,0
0,0
0,0
0,0
2,0
0,0
0,0
0,0
0,0
0,0
0,0
0,0
0,0
1,0
0,0
0,0
2,1
0,0
0,0
3,1
0,0
0,0
16,2
3,0
0,0
0,0
0,0
0,0
0,0
0,0
0,0
42,16
0,0
18,4
0,0
0,0
0,0
0,0
0,4
4,2
1,0
40,4
0,0
0,0
0,0
2,2
9,0
20,1
2,3
3,1
1,0
0,0
0,0
0,0
0,0
9,8
0,0
0,0
0,0
0,0
0,0
0,0
0,0
2,0
0,0
4,0
0,0
21,2
0,0
1,2
3,3
8,0
0,0
0,0
0,0
0,0
0,0
0,0
0,0
0,0
0,0
0,0
2,0
0,0
0,0
14,0
1,4
1,1
1,1
1,2
0,0
9,2
3,4
2,0
0,0
0,0
0,0
69,3
0,0
0,0
2,3
0,0
0,0
1,3
0,0
0,2
3,5
1,0
1,0
0,0
0,1
0,0
0,0
0,0
5,0
12,0
70,21
1,5
36,2
31,1
0,0
0,0
0,0
4,1
0,0
0,0
0,0
0,0
0,0
0,0
0,0
0,0
0,0
1,0
0,0
0,0
0,0
0,0
0,0
0,0
0,0
0,0
0,0
1,0
0,0
0,0
0,0
0,0
0,0
0,0
0,0
0,0
0,0
0,0
0,0
0,0
1,0
0,0
0,1
4,1
0,0
0,0
0,0
0,0
0,0
0,0
0,0
0,1
1,0
0,0
0,0
0,0
0,0
0,0
0,0
0,0
0,0
0,0
0,0
0,0
0,0
0,0
0,0
0,0
0,0
0,0
0,0
0,0
0,0
0,0
0,0
0,0
0,0
1,0
0,0
0,0
0,0
0,0
0,0
0,0
0,0
0,0
0,0
0,0
0,0
0,0
0,0
0,0
0,0
1,0
0,0
0,0
0,0
0,0
0,0
0,0
0,0
0,2
14,3
1,0
1,1
0,1
0,1
0,0
6,0
0,0
0,0
0,0
0,0
0,0
0,0
0,0
0,0
0,0
0,0
0,0
0,0
0,0
0,0
0,0
0,0
1,0
0,0
0,0
0,0
0,1
0,0
0,7
0,0
0,0
0,0
0,0
2,0
1,1
0,0
0,0
0,0
80,13
0,0
1,0
0,1
0,0
0,0
0,0
7,0
0,0
0,3
0,0
3,0
19,8
0,0
0,0
0,1
2,0
144,7
13,1
0,0
0,0
0,0
0,0
0,0
0,0
0,0
0,0
0,0
0,0
0,0
0,0
0,0
0,0
0,0
0,0
0,0
0,0
0,0
0,0
0,0
0,0
0,0
0,0
0,0
0,0
0,0
0,0
0,0
0,0
0,0
0,0
0,0
0,0
0,0
5,1
0,0
0,0
0,0
0,0
0,0
0,0
0,0
1,0
0,0
0,0
0,0
0,0
2,0
0,0
0,0
0,0
0,0
0,0
0,0
0,0
0,0
0,0
300,202
0,0
0,0
0,0
0,0
0,0
0,0
0,0
0,0
0,0
0,0
0,0
0,0
0,0
0,0
0,0
0,0
0,0
0,0
0,0
0,0
0,0
0,0
0,0
0,0
0,0
0,0
0,0
0,0
0,0
0,0
0,0
0,0
0,0
0,0
0,0
0,0
0,0
0,0
24,3
9,0
0,0
0,0
1,0
12,0
0,0
0,0
3,0
0,0
1,1
0,0
6,1
90,1
35,2
0,1
0,0
0,0
0,1
0,0
0,0
0,0
8,2
0,0
0,0
0,0
0,0
0,0
0,0
0,0
0,0
0,0
0,0
0,0
0,0
0,1
0,1
0,0
0,0
0,0
0,0
0,0
0,0
0,1
0,0
2,0
13,0
0,0
18,3
0,0
0,1
0,0
3,2
6,0
3,12
15,0
7,3
5,5
10,0
0,0
0,3
0,0
1,0
51,0
15,0
0,0
0,0
4,1
0,5
0,2
8,4
2,0
1,1
9,22
0,0
650,162
0,0
0,0
0,0
0,0
0,0
0,0
0,0
0,0
0,0
0,0
0,0
0,0
0,0
0,0
0,0
0,0
0,0
0,0
0,0
0,0
0,0
0,0
0,0
0,0
0,0
0,0
0,0
0,0
0,0
0,0
1,0
0,0
0,0
0,0
0,0
0,0
0,0
0,0
0,0
0,0
0,0
0,0
0,0
0,0
0,0
1,0
0,0
0,0
0,0
2,3
0,0
16,20
0,0
0,1
3,0
0,0
0,1
36,2
0,0
0,0
0,0
1,0
0,0
0,0
0,0
0,0
0,0
0,0
0,0
0,0
0,0
0,0
0,0
0,0
0,0
0,0
0,0
0,0
0,0
0,0
0,0
0,0
0,0
0,0
0,0
0,0
0,0
0,0
0,0
0,0
0,0
0,0
0,0
0,0
0,0
0,0
0,0
0,0
0,0
0,0
0,0
0,0
0,0
0,0
0,0
0,0
0,0
0,0
0,0
0,0
0,0
0,0
0,0
0,0
0,0
0,0
0,0
0,0
0,0
1,0
0,0
0,0
0,0
0,0
0,0
0,0
0,0
0,0
0,0
0,0
0,0
0,0
0,0
0,0
0,0
0,0
0,0
0,0
0,2
0,0
0,1
0,0
0,1
0,0
0,2
0,0
0,0
0,0
1,1
0,0
0,0
0,0
0,0
0,1
0,1
25,3
0,0
0,0
4,0
0,0
0,0
0,0
1,0
300,17
0,1
0,0
0,0
0,0
0,0
0,0
0,0
0,0
0,0
0,0
0,0
0,0
0,0
0,0
0,0
0,0
0,0
0,0
0,0
0,0
0,0
1,0
0,0
0,0
0,0
0,0
0,0
1,0
0,0
0,0
0,0
0,0
0,0
0,0
0,0
0,0
0,0
0,0
0,0
0,0
0,0
0,0
0,0
0,0
0,0
8,0
0,0
0,0
0,0
1,0
0,0
0,0
0,0
0,0
69,0
0,0
0,0
23,0
1,0
11,0
1,0
0,1
3,0
0,1
50,14
0,3
0,1
0,0
0,1
0,1
0,1
0,1
0,0
3,0
1,0
1,0
0,1
0,1
0,2
0,1
1,1
0,0
47,12
0,1
0,0
0,0
0,0
1,1
0,1
43,8
0,0
0,0
9,1
0,0
0,2
0,0
0,1
0,0
0,2
1,0
0,1
0,1
0,1
0,1
0,1
3,3
0,0
9,2
4,0
0,1
2,4
0,0
0,3
0,0
10,0
0,0
0,0
0,1
0,0
0,0
5,0
0,0
0,0
0,0
0,0
0,0
1,0
0,0
0,1
0,0
0,1
0,1
0,0
0,0
0,0
0,0
0,0
0,2
0,5
0,2
2,0
0,1
0,1
0,0
1,0
0,0
0,0
0,0
0,0
0,0
0,0
0,1
0,1
0,0
0,0
0,0
0,0
0,1
0,1
1,0
0,0
0,1
0,0
4,2
0,0
0,1
0,0
2,0
0,0
0,0
0,0
0,0
0,0
0,0
0,0
0,0
0,0
0,0
12,1
0,0
0,0
0,0
0,1
0,0
0,0
0,0
0,0
0,0
0,0
0,0
0,0
0,0
0,0
0,0
14,0
0,0
0,0
0,0
0,0
0,0
0,0
0,0
0,0
0,0
0,0
0,0
0,0
0,0
0,0
0,0
0,0
1,1
0,0
0,0
0,0
0,0
0,0
0,0
0,0
0,0
0,0
0,0
0,0
0,0
0,0
0,0
0,0
0,0
0,0
0,0
0,0
0,0
0,0
0,0
0,0
0,1
0,0
0,1
0,0
0,0
1,0
0,0
0,0
0,0
0,0
0,0
0,0
0,0
0,0
0,0
0,0
0,0
0,0
0,0
0,0
0,0
0,0
0,0
0,0
0,0
0,1
4,4
0,0
0,0
0,0
0,0
0,0
0,0
0,0
0,0
0,0
0,0
0,0
0,0
0,0
0,0
17,4
0,0
0,0
0,2
35,17
2,0
0,0
0,0
0,1
1,0
7,0
0,1
4,1
0,1
0,1
0,1
1,0
0,0
0,0
0,0
0,0
0,0
0,0
0,0
0,0
2,0
0,0
0,0
0,1
0,0
0,0
0,0
0,0
2,0
0,0
0,0
1,0
0,0
0,0
1,0
0,0
5,2
2,0
0,0
1,0
0,1
0,0
0,1
0,0
0,0
0,3
0,0
0,0
0,0
0,0
0,0
1,4
0,0
0,0
0,0
0,0
0,0
0,0
0,1
0,1
0,0
0,0
0,0
0,0
0,0
0,0
0,6
0,1
0,0
0,1
0,1
3,0
0,0
0,0
0,0
0,0
0,0
0,0
0,0
0,0
0,0
0,0
0,0
0,0
0,0
0,0
0,0
0,0
0,1
0,0
0,0
0,0
0,0
0,0
1,1
10,6
1,3
0,0
0,0
0,0
0,0
0,1
3,0
1,0
0,0
0,1
0,1
1,1
0,1
0,1
0,0
0,1
0,0
0,1
0,0
0,0
0,3
0,1
0,0
0,2
0,1
3,4
0,1
3,3
0,0
9,2
0,0
0,0
1,0
0,2
1,0
9,0
1,0
16,3
0,3
0,0
6,1
0,0
0,1
1,0
0,0
0,0
0,0
0,0
0,0
0,0
2,1
0,0
0,0
0,0
0,1
0,0
0,0
0,0
0,0
0,0
0,1
1,0
0,0
1,0
0,0
0,3
0,1
0,0
1,0
0,0
0,0
0,0
0,0
1,1
0,0
0,3
0,3
1,1
0,0
0,0
20,1
0,0
0,0
0,0
0,1
0,0
0,1
0,0
0,0
11,2
0,0
0,0
3,0
0,0
0,0
0,0
0,0
0,0
0,0
0,0
0,0
0,0
0,0
0,0
32,0
0,0
0,0
6,1
2,1
0,13
0,0
35,9
0,0
0,0
0,0
0,0
0,0
0,0
0,0
0,0
0,0
0,0
0,0
0,0
0,0
0,0
0,0
0,0
0,0
0,0
0,0
0,0
0,0
0,2
87,20
0,0
0,0
0,0
0,0
0,0
0,1
20,2
0,0
0,0
1,0
0,0
0,0
0,0
0,0
0,0
0,0
0,0
0,0
0,0
0,0
0,0
0,0
0,0
0,0
10,0
2,2
0,0
1,0
1,1
0,0
0,0
5,0
0,0
5,1
0,0
0,5
0,0
0,0
0,0
0,0
0,0
0,0
4,0
0,0
0,0
0,0
0,0
1,0
0,0
0,0
0,1
0,0
0,0
0,0
1,0
20,4
0,0
0,0
0,3
0,0
0,0
0,0
0,0
0,1
1,0
0,0
0,0
0,0
0,0
0,0
0,0
108,25
0,0
0,1
0,0
4,0
1,0
0,1
0,0
0,1
0,1
0,1
0,1
0,0
4,1
0,1
0,0
0,1
0,0
0,0
0,0
8,0
0,4
0,1
0,3
0,1
0,0
0,0
0,0
0,0
0,0
0,0
0,0
0,0
0,0
0,0
0,0
0,0
0,0
0,2
0,0
0,2
1,0
2,0
0,0
0,0
0,0
0,0
2,0
1,0
0,0
0,0
0,1
0,1
0,1
0,0
0,0
0,1
0,0
2,0
0,7
0,0
0,0
0,1
15,2
30,2
0,0
0,0
0,0
1,0
0,0
0,0
0,0
0,0
0,0
0,0
0,3
0,0
0,0
0,19
0,0
6,1
0,1
0,0
0,0
4,1
1,1
0,0
0,1
17,1
0,1
0,0
0,1
0,0
0,0
0,1
0,0
0,1
0,0
1,0
2,0
0,1
4,3
0,1
0,2
0,0
0,0
0,1
1,1
0,2
0,1
0,1
0,1
0,1
0,0
0,0
0,0
0,1
0,0
0,3
3,0
0,0
14,1
0,0
0,1
2,0
0,2
0,0
0,0
0,0
0,0
30,8
0,1
1,0
0,0
1,2
0,0
0,11
0,1
0,0
0,8
0,0
0,0
0,0
0,8
0,0
0,0
0,0
0,0
0,0
0,1
0,0
0,0
1,0
0,0
0,1
1,1
0,0
0,0
0,0
0,0
0,0
0,1
0,0
0,0
0,0
0,0
5,1
0,0
0,0
0,0
0,1
0,2
4,0
0,0
0,0
0,5
0,0
0,0
0,0
0,0
0,0
0,0
0,0
0,0
10,1
0,0
0,0
0,3
0,0
0,0
0,1
2,1
0,0
8,16
0,0
0,0
0,0
0,0
0,0
0,0
132,16
120,21
0,0
0,0
0,0
0,0
1,2
0,0
0,0
2,0
0,0
0,0
0,0
0,0
0,0
0,0
0,0
0,1
0,0
25,15
0,1
0,0
2,7
0,0
0,0
0,0
0,0
0,1
0,0
0,0
0,0
0,0
0,4
0,4
0,3
0,2
1,0
0,0
0,0
0,0
0,0
0,1
0,7
0,2
0,4
0,0
0,1
0,0
0,0
0,0
0,0
0,0
0,0
0,0
0,0
0,0
0,0
0,0
0,0
0,0
0,0
0,0
0,0
0,0
0,0
0,0
0,0
0,0
0,1
0,1
0,4
0,4
0,0
2,0
0,0
0,13
0,2
0,1
0,0
0,2
0,0
1,0
0,0
0,0
0,0
0,1
0,1
1,1
0,1
0,0
0,0
0,0
0,1
0,5
0,2
0,1
0,1
0,0
2,1
0,0
1,0
0,0
0,1
0,0
0,0
1,0
0,0
0,0
0,0
0,0
0,0
0,0
0,0
0,0
0,0
0,0
3,3
0,0
2,0
0,0
0,0
0,0
1,1
0,0
0,0
0,0
0,0
0,0
0,0
2,0
0,0
0,0
0,0
0,0
0,0
0,0
0,0
0,0
0,0
0,0
0,0
0,0
0,0
1,0
0,0
0,0
0,0
0,2
0,0
0,0
0,1
0,0
0,0
0,0
0,0
0,0
0,0
0,0
1,0
0,0
0,0
0,0
0,0
0,0
0,0
0,1
0,0
0,0
0,0
0,0
0,0
0,0
0,0
0,0
0,0
0,0
0,0
0,0
0,0
0,0
0,0
0,0
0,0
0,0
0,0
0,1
0,0
0,3
0,1
1,0
0,0
2,0
0,2
0,0
0,0
0,0
0,0
0,0
0,0
0,0
0,0
0,0
0,0
1,0
0,0
0,0
0,0
1,0
0,0
0,1
0,0
1,0
0,0
0,0
0,2
0,1
0,0
0,0
0,1
0,0
0,0
0,0
0,2
0,0
0,0
0,1
1,1
2,0
0,0
0,0
0,2
0,0
0,0
0,1
0,2
0,0
0,0
0,2
2,1
0,4
0,0
0,1
280,72
0,1
0,0
1,1
0,0
1,0
0,0
0,0
0,0
0,0
1,0
0,0
0,0
0,0
0,0
0,0
0,0
1,0
0,0
0,0
0,0
0,0
0,0
0,0
0,0
0,0
0,0
0,0
0,0
0,0
0,0
0,0
2,0
0,0
2,0
0,0
1,0
0,1
4,0
0,1
0,1
0,1
0,1
0,2
0,0
0,0
0,0
0,0
1,0
0,0
0,0
0,0
0,0
0,0
0,0
0,0
0,0
0,0
1,1
0,0
0,0
0,0
0,0
0,0
0,0
0,0
0,0
0,0
0,0
0,0
0,0
0,0
0,0
0,0
0,0
0,0
0,1
0,0
1,0
0,0
0,0
0,0
0,0
0,0
0,0
1,0
15,0
2,0
1,0
0,0
0,0
0,0
0,0
0,0
0,0
0,0
0,0
0,0
0,0
0,0
0,0
0,0
0,1
0,0
3,0
0,0
0,0
0,2
0,0
0,0
0,0
0,0
0,0
0,0
0,0
0,0
0,0
1,0
0,0
0,1
0,0
0,1
0,0
0,0
0,1
0,0
2,1
0,0
0,0
0,0
0,0
0,0
0,0
0,0
0,0
1,3
0,0
0,0
0,0
0,0
0,0
0,0
0,0
1,1
0,0
2,0
0,0
0,0
0,0
12,2
0,0
0,0
0,0
0,0
0,0
0,0
2,0
3,1
2,0
0,0
0,0
0,0
1,0
0,0
0,0
0,0
0,0
0,0
0,0
0,0
0,0
0,0
1,0
0,1
0,0
0,0
6,0
0,0
0,0
0,0
0,0
0,0
0,0
0,0
0,1
12,11
27,1
0,0
0,5
0,0
0,0
32,5
0,0
0,0
0,0
0,0
15,1
2,0
5,7
2,0
1,0
0,0
0,0
0,7
0,0
0,0
3,1
0,0
0,0
0,0
7,0
0,0
0,0
0,1
0,1
0,0
0,0
1,1
0,0
0,0
0,0
0,0
0,0
0,0
2,0
2,0
0,0
27,2
0,2
1,2
0,0
0,0
0,0
0,0
1,0
2,1
0,0
0,0
0,0
0,0
0,0
0,0
0,0
0,0
0,0
0,0
0,0
0,0
0,0
0,0
0,3
0,0
0,0
0,0
0,0
0,0
0,0
0,0
0,0
0,0
0,0
0,0
0,0
0,0
0,0
0,0
0,0
0,0
0,0
2,0
0,0
0,0
0,0
0,0
0,0
0,0
0,0
0,0
5,3
0,0
3,0
0,1
2,0
0,0
0,0
17,0
0,0
0,0
0,0
0,0
0,0
0,0
0,0
0,0
0,0
0,0
0,0
0,0
0,0
0,0
3,1
0,0
0,0
8,4
0,0
0,0
0,1
0,0
0,0
0,0
0,0
0,0
0,0
0,0
0,0
0,0
8,1
0,0
0,0
0,0
0,0
0,0
0,0
0,0
0,0
0,0
0,0
6,13
0,0
0,0
0,0
2,0
0,0
0,0
0,0
1,0
0,1
0,0
0,2
0,0
0,0
4,0
0,0
0,0
0,0
0,0
0,0
0,0
0,0
0,0
0,0
3,1
0,0
0,0
0,0
0,0
0,0
0,0
0,0
5,0
0,0
0,0
0,0
0,0
0,0
0,0
0,0
0,0
0,0
0,0
0,0
0,0
0,0
0,0
0,0
0,0
0,0
0,0
0,0
0,0
1,0
0,0
0,0
0,0
0,0
0,0
0,0
0,0
0,0
0,0
0,0
0,0
0,0
2,0
0,0
0,0
0,0
0,0
0,0
0,0
0,0
0,0
0,0
0,0
1,0
6,3
1,0
3,3
0,0
0,0
0,0
0,1
0,0
0,0
0,3
0,0
0,0
0,0
0,0
3,1
2,1
0,0
0,0
0,0
0,0
2,0
0,0
0,0
0,1
2,0
3,0
0,2
0,1
0,1
0,2
0,1
0,0
0,0
0,2
0,0
2,0
1,1
0,1
7,6
0,0
0,0
5,0
0,0
11,7
0,0
0,0
0,0
0,0
1,0
0,0
0,0
2,18
0,1
0,1
3,1
2,0
0,1
0,1
0,1
3,0
0,0
0,1
2,4
0,0
0,0
0,0
4,6
6,2
0,2
10,1
2,0
0,0
0,1
0,1
0,0
0,4
7,2
0,0
0,0
0,0
0,0
0,0
0,0
0,0
0,0
1,0
0,0
40,17
0,0
0,0
0,0
0,0
2,0
7,0
0,1
1,0
0,1
0,0
4,0
0,1
0,0
1,3
2,1
9,9
2,4
0,0
0,0
0,0
0,0
0,0
0,0
0,0
0,0
0,0
0,0
1,1
0,0
0,0
7,5
1,0
0,0
0,0
0,0
0,0
0,0
0,0
2,0
0,1
0,1
13,1
0,0
20,4
0,0
0,0
0,0
0,0
0,1
0,0
0,0
20,2
0,0
0,0
0,0
0,0
3,2
3,0
0,0
0,0
2,0
1,0
0,0
1,0
0,0
0,0
0,0
0,0
0,1
0,0
0,0
5,3
0,0
0,2
0,0
2,2
1,0
0,0
50,7
0,0
0,0
5,4
0,1
0,0
0,1
0,1
1,0
0,1
0,1
0,0
0,1
0,1
5,0
0,0
0,0
0,0
0,0
0,0
0,0
0,1
1,0
1,2
0,0
0,0
0,0
4,1
0,0
0,0
0,0
0,0
0,0
3,1
2,4
0,0
0,0
0,0
0,0
0,0
0,0
0,0
0,0
1,0
0,0
0,1
0,0
0,0
70,10
0,0
9,2
0,0
0,0
0,0
0,0
7,0
30,1
0,24
2,1
6,1
0,0
0,1
0,4
0,0
0,0
0,0
0,0
0,0
0,0
0,0
0,0
0,0
0,0
0,0
0,0
0,0
0,0
0,0
0,0
0,2
0,1
1,0
0,1
0,2
0,1
0,2
0,1
4,0
5,0
0,1
0,0
0,1
0,1
0,1
0,1
0,0
0,1
4,0
0,2
0,0
0,0
3,0
0,1
0,1
0,1
0,0
0,0
3,0
2,0
0,0
0,0
0,0
0,0
0,0
15,0
1,0
0,0
0,0
0,0
0,0
1,0
0,0
0,0
14,2
0,0
0,0
0,0
0,0
1,1
0,1
2,0
0,2
2,0
0,0
0,0
1,0
0,0
0,2
0,1
8,0
0,0
0,1
5,6
0,0
1,1
25,1
0,0
14,1
0,1
0,0
0,0
0,2
16,0
2,0
0,0
0,0
0,0
1,0
0,0
7,1
0,2
0,1
1,3
0,0
0,1
0,4
0,0
0,0
9,6
0,0
0,0
0,0
0,0
0,0
0,1
0,1
0,0
20,0
0,0
2,0
0,0
0,0
0,0
0,0
0,0
0,0
0,0
0,1
4,0
1,0
0,0
0,0
2,0
1,0
4,2
0,1
0,0
0,0
0,1
0,0
0,0
0,0
0,0
1,0
0,0
0,0
0,0
0,0
0,0
0,0
0,0
0,0
0,0
7,3
1,0
0,0
0,0
3,0
0,0
0,0
0,0
0,0
0,0
14,2
0,0
0,1
1,2
0,0
0,0
0,0
100,24
0,0
0,1
0,1
0,0
0,0
2,0
1,1
0,2
0,0
0,0
0,0
0,0
0,0
0,1
0,1
8,5
0,0
0,0
0,0
0,0
3,0
0,0
0,0
0,0
0,0
0,0
0,0
8,0
0,0
0,0
0,0
0,0
0,0
0,0
0,1
0,0
0,0
0,0
0,0
0,1
0,0
0,0
0,0
3,1
0,0
0,0
0,0
11,0
0,0
0,0
0,0
0,0
0,0
0,0
0,1
0,0
0,0
0,0
1,0
0,0
0,0
0,0
0,0
66,7
0,0
3,0
0,0
0,0
0,0
0,0
0,0
5,0
55,16
0,0
1,0
14,0
4,0
1,0
0,0
2,0
0,0
0,5
0,0
0,0
0,1
2,1
1,0
0,1
0,0
0,0
0,0
0,1
0,1
2,3
0,1
0,0
0,0
0,1
0,1
3,1
0,0
0,0
0,1
0,2
0,0
2,0
0,2
0,0
0,0
0,0
0,0
0,1
0,0
0,1
30,0
3,2
1,1
2,0
0,1
20,0
1,0
0,1
1,0
55,4
0,0
0,0
0,0
3,0
0,0
1,0
0,0
0,0
0,0
0,0
0,0
0,0
0,0
0,0
0,0
0,0
3,0
0,0
1,1
0,1
0,1
0,1
0,1
0,0
0,1
0,0
0,0
65,0
0,1
0,1
0,0
0,1
0,0
76,10
0,0
0,1
11,0
0,0
0,0
7,0
0,10
0,0
10,0
0,0
9,0
0,0
0,0
0,0
2,0
0,1
0,0
4,0
2,0
0,0
0,1
2,0
0,0
0,0
0,0
2,0
0,0
0,0
0,0
0,0
0,0
0,0
0,0
0,0
0,0
0,1
0,1
0,1
0,0
9,0
0,0
1,0
1,0
0,0
0,1
0,0
0,1
0,0
0,0
0,0
4,0
0,0
1,0
0,0
0,0
0,0
0,0
0,1
0,0
1,0
4,0
0,0
0,0
5,1
0,0
0,0
0,0
1,0
0,0
0,0
0,1
1,1
0,0
0,0
0,0
0,0
0,0
0,0
0,0
0,0
0,0
64,0
0,1
6,1
0,0
24,2
0,0
0,0
0,0
4,3
0,0
10,1
0,0
17,16
12,8
3,0
1,0
1,0
1,0
2,0
0,0
0,0
0,0
0,0
0,0
0,0
0,0
1,0
0,0
0,0
0,0
0,0
0,0
0,0
0,2
1,0
0,0
0,0
0,0
0,0
0,0
0,0
0,0
0,0
0,1
1,0
0,0
0,0
0,0
0,0
0,1
8,3
0,0
0,0
0,1
0,0
0,0
0,0
0,0
0,0
0,0
1,0
0,0
0,0
2,0
0,0
1,0
0,0
0,0
1,0
1,0
0,0
0,1
0,0
0,0
0,0
0,0
0,0
0,0
0,1
0,0
0,0
0,0
2,0
4,0
1,0
0,0
0,0
2,0
0,0
0,1
0,0
0,0
0,0
0,0
0,0
1,0
1,0
1,0
3,2
13,6
1,1
2,0
0,0
3,0
1,0
110,52
12,20
5,0
0,0
11,0
1,0
0,0
1,0
0,0
0,0
2,0
0,3
0,0
21,8
0,1
0,0
0,0
0,0
48,4
0,0
9,0
1,0
0,0
0,0
0,1
0,1
0,1
0,1
1,1
0,0
4,0
0,1
0,0
4,0
0,1
0,2
0,1
0,1
2,2
1,1
0,1
1,0
2,0
0,0
0,0
0,0
0,0
0,1
0,5
0,1
2,1
0,1
0,3
0,2
0,1
0,1
0,0
0,1
0,2
0,0
0,0
0,0
0,0
2,1
2,0
0,0
0,0
0,0
0,0
0,0
4,0
0,1
0,0
0,0
0,4
0,20
0,3
0,3
0,4
1,4
0,3
0,0
41,9
0,2
0,0
0,0
0,0
0,0
0,0
0,0
0,0
0,0
0,0
0,0
1,0
0,0
0,0
1,0
0,0
3,0
0,0
1,2
1,1
0,0
1,0
0,0
1,0
0,0
2,0
1,0
0,0
0,0
0,0
0,0
1,0
1,0
0,0
0,0
0,1
2,0
2,0
0,0
0,0
0,1
0,0
0,0
2,0
0,0
0,0
0,0
3,0
1,0
0,0
0,0
0,0
0,0
1,0
0,1
1,0
0,0
0,0
0,0
0,0
0,1
0,1
0,0
0,1
0,0
0,0
0,0
0,2
0,0
0,1
0,1
0,0
0,0
0,0
0,0
0,1
0,0
0,0
0,0
0,1
0,2
0,0
5,0
0,3
0,1
0,0
0,1
0,1
0,1
0,1
0,1
0,1
0,1
0,0
0,1
0,1
1,1
0,1
0,4
0,1
0,1
0,3
9,12
1,0
0,1
0,2
1,0
0,1
0,0
93,18
0,0
0,0
0,0
0,0
35,4
0,4
18,3
5,0
2,1
0,8
25,3
0,0
0,0
0,0
0,0
1,0
0,0
5,0
0,0
0,0
0,8
0,0
0,0
0,0
2,0
0,0
0,0
0,0
0,0
0,1
0,0
0,1
0,1
0,0
0,0
0,0
0,0
0,0
0,1
4,0
0,3
0,0
0,0
0,0
0,0
0,0
0,0
0,0
4,0
0,0
0,0
2,0
0,0
0,0
0,3
0,0
0,0
2,2
0,1
0,7
0,0
0,0
4,0
0,0
3,0
9,3
0,0
0,0
0,0
2,1
0,0
0,14
0,0
4,1
0,0
0,0
0,0
0,0
4,0
0,0
0,0
1,1
68,17
0,0
0,0
0,0
0,0
0,1
1,0
0,0
1,0
0,0
0,6
0,0
0,0
0,0
0,1
0,0
0,1
0,0
0,0
17,0
2,1
2,2
5,1
4,0
13,2
16,5
4,0
1,0
10,1
12,2
0,1
0,0
0,0
1,0
1,0
1,0
2,0
0,1
0,0
0,0
0,0
0,0
7,0
0,0
0,1
0,1
0,0
0,0
1,0
0,0
1,0
0,0
0,0
0,0
0,0
0,0
39,17
1,2
3,2
0,0
0,0
1,2
0,0
0,3
0,0
0,0
0,2
4,4
0,3
0,1
1,1
2,0
0,0
0,0
0,0
0,0
0,0
0,0
0,0
0,0
0,0
0,0
0,0
0,0
0,1
0,0
0,0
0,1
0,0
0,0
1,0
0,0
0,0
0,0
12,0
0,0
0,0
0,0
0,0
0,0
0,2
2,1
3,0
0,0
0,0
0,0
0,0
0,0
0,0
0,3
6,3
0,4
0,0
0,0
18,2
0,0
3,0
0,0
0,0
4,1
1,0
0,1
0,0
0,0
0,0
0,0
35,3
0,2
2,0
3,1
0,0
0,1
0,0
0,0
1,0
0,0
0,0
0,0
0,0
11,0
0,0
0,0
0,0
4,0
0,0
0,0
0,0
0,0
0,0
0,0
7,2
0,0
81,8
2,0
0,0
0,0
16,0
0,0
0,0
0,0
0,0
0,0
0,0
0,0
0,0
0,0
0,0
0,0
0,0
0,0
0,0
1,1
1,0
0,0
2,0
0,0
1,0
0,1
0,0
0,1
8,0
5,0
0,0
0,0
0,0
0,0
12,0
0,14
1,2
0,0
0,4
0,0
0,0
0,0
0,1
3,1
0,0
0,0
0,0
0,0
0,0
0,0
0,0
8,1
0,0
0,0
0,0
0,0
101,60
0,0
0,0
0,2
0,0
0,0
0,3
1,1
0,0
0,0
0,0
50,17
0,0
0,0
0,0
0,1
0,0
0,0
0,0
0,0
1,0
0,0
0,0
1,0
0,0
0,0
1,0
0,0
0,0
0,0
0,0
0,0
0,0
0,0
0,0
0,0
0,1
0,0
0,0
0,0
0,0
0,0
0,0
0,0
0,0
0,0
1,0
0,0
1,0
0,0
0,0
0,0
10,0
1,0
1,0
0,0
0,0
1,0
1,0
0,0
0,0
3,0
1,0
0,0
0,0
16,1
1,0
0,0
0,0
3,0
0,0
0,0
0,0
2,0
3,0
0,0
0,5
0,0
0,0
0,0
0,0
11,0
0,0
13,2
0,0
0,0
0,0
1,0
0,0
0,0
0,0
1,0
0,1
0,3
0,0
5,1
0,0
0,0
0,0
0,0
0,0
0,0
40,0
0,0
5,9
9,0
48,0
1,2
0,1
1,1
0,1
0,4
0,0
0,0
0,0
0,0
200,32
200,95
0,0
0,0
0,0
2,0
18,0
5,3
115,17
13,121
0,0
0,0
0,0
1,1
0,0
0,0
0,0
17,0
0,0
0,0
4,0
0,0
0,0
0,0
0,0
0,0
0,0
0,0
0,0
0,0
0,1
5,0
0,0
3,3
0,0
0,0
0,0
0,0
0,0
0,0
72,52
0,1
0,0
0,0
0,0
0,0
0,0
0,0
0,0
2,0
0,0
0,0
0,2
0,0
0,0
3,1
0,0
0,0
0,0
0,0
1,0
1,0
0,1
0,1
0,1
3,0
0,0
1,1
2,0
0,0
0,0
33,0
0,0
0,0
0,0
2,0
1,3
0,0
5,0
0,0
25,2
0,0
7,0
0,1
0,1
0,1
0,4
0,0
0,0
0,1
4,0
0,1
0,1
0,1
0,0
1,0
1,0
0,0
1,1
0,0
0,0
0,0
0,0
0,0
0,0
118,22
0,1
0,0
30,21
5,1
10,2
0,0
0,0
0,0
0,0
0,0
2,0
0,0
0,0
0,0
0,1
0,0
0,0
2,0
3,0
1,1
0,0
0,0
0,0
0,3
50,0
0,0
0,0
0,0
5,0
0,0
20,3
0,0
1,0
0,0
6,0
0,0
0,0
54,46
0,0
0,0
0,0
2,0
0,5
2,1
0,0
0,0
0,0
1,1
0,0
2,0
0,0
0,2
0,0
0,0
0,0
0,1
0,0
0,0
0,0
0,0
0,0
0,0
0,0
1,0
0,0
0,0
0,0
0,0
20,22
1,0
5,0
4,2
2,0
0,0
0,0
0,0
0,0
18,8
20,6
0,1
0,0
0,0
50,3
5,0
5,3
0,0
0,0
0,0
0,0
0,0
1,1
0,0
0,0
0,0
1,0
0,1
0,0
0,1
0,0
0,1
3,1
0,2
0,1
0,1
0,0
0,1
0,1
0,1
0,2
0,1
0,1
0,1
1,1
0,1
0,1
0,1
0,1
3,4
2,0
60,17
0,1
0,1
0,1
0,1
0,1
1,2
0,1
0,1
0,1
0,1
1,0
1,1
23,3
0,0
0,1
0,1
0,1
0,1
0,0
1,0
0,0
0,2
1,5
0,2
0,2
0,1
0,1
0,1
0,1
0,0
0,0
1,2
0,0
0,1
0,0
0,0
0,0
0,0
0,0
0,0
2,1
0,0
1,0
0,0
0,0
2,1
10,12
1,0
0,0
0,0
0,0
0,0
5,1
0,0
0,0
4,12
0,0
0,0
0,0
0,0
0,0
0,0
0,0
0,0
3,10
0,1
0,0
3,0
0,0
25,0
0,0
2,0
0,0
1,0
0,0
0,0
0,0
0,2
0,1
60,53
0,1
0,2
2,0
0,0
4,2
12,0
0,0
1,0
5,1
4,3
10,2
1,3
0,0
0,2
0,1
0,1
0,1
0,1
42,7
0,1
13,0
1,0
0,0
0,0
0,0
0,0
0,1
0,0
2,2
0,1
0,0
0,0
2,0
0,0
0,0
3,0
0,0
0,0
0,0
5,3
0,0
1,0
1,0
1,2
18,3
0,0
0,1
18,6
35,1
0,0
0,0
0,0
0,0
97,12
11,0
1,0
1,0
0,0
0,1
0,0
0,0
0,0
0,0
0,0
0,0
13,1
0,0
0,0
1,14
0,0
0,1
0,0
0,0
1,0
1,0
0,0
0,0
0,1
0,0
0,0
0,0
7,0
0,0
0,0
0,0
0,0
0,0
0,0
72,10
0,0
0,0
0,0
0,0
0,1
7,2
4,0
0,0
7,0
0,0
1,1
4,1
2,3
6,2
0,0
0,0
0,0
0,0
0,2
6,0
3,0
0,0
0,0
0,0
0,5
0,0
2,0
9,30
0,0
18,0
0,0
50,11
15,6
4,2
2,0
0,0
1,2
0,1
2,2
0,0
0,0
0,0
10,0
3,2
2,0
0,0
300,126
1,1
0,0
0,0
0,0
6,0
0,0
0,2
0,0
5,0
0,7
11,1
0,0
0,0
0,0
1,1
0,3
150,52
1,0
0,0
1,0
1,0
0,0
0,1
91,5
0,1
1,2
0,0
0,0
0,0
1,1
0,1
0,0
1,0
0,0
0,0
0,1
0,0
0,1
0,0
1,1
0,0
1,0
0,0
0,0
0,0
0,0
2,1
0,0
0,0
1,2
0,0
0,0
0,0
40,7
0,0
0,0
0,0
0,0
0,0
0,0
0,0
0,0
0,0
1,0
0,0
2,1
0,0
0,0
0,0
0,0
0,0
40,4
0,0
0,0
0,0
0,0
0,0
0,0
0,0
2,0
5,0
1,0
7,0
0,6
0,1
0,0
7,0
0,0
0,0
0,0
4,1
10,0
0,0
0,0
0,0
0,0
0,0
20,3
0,0
0,0
0,0
0,0
0,0
0,0
0,0
60,9
4,0
1,0
0,0
0,0
0,0
0,0
0,0
0,0
0,0
0,0
0,0
0,0
0,0
0,0
0,0
0,0
0,0
0,0
0,0
0,0
0,0
0,0
0,0
0,1
0,1
0,0
0,0
2,0
0,0
0,0
0,1
0,1
0,1
0,0
0,0
0,0
0,0
0,0
0,0
0,0
0,0
20,8
0,0
0,0
0,0
56,12
0,0
0,1
0,1
0,0
0,1
0,0
0,1
0,2
0,1
0,0
0,0
0,0
50,22
0,0
0,1
0,2
0,0
0,0
0,0
0,0
2,1
0,0
0,0
0,0
0,0
0,0
0,0
0,0
0,0
0,0
0,0
0,0
1,3
0,0
0,0
3,1
0,1
0,0
0,0
0,0
0,0
0,0
0,0
0,0
0,0
0,0
0,0
3,0
0,0
0,0
0,0
0,0
0,0
3,3
0,0
0,0
0,0
0,0
0,0
0,0
0,0
0,0
0,0
0,0
0,0
0,0
0,0
0,0
0,0
0,0
0,0
0,0
0,0
0,0
3,0
0,0
0,0
0,0
0,0
0,0
0,1
9,2
9,2
5,1
0,0
0,0
0,0
0,0
0,0
0,0
0,0
0,0
0,0
0,0
0,0
0,0
17,2
0,4
0,0
20,6
3,2
4,1
0,0
0,0
0,0
33,2
0,1
15,9
120,17
15,2
0,0
0,0
0,0
5,1
0,0
2,2
0,0
0,1
0,1
36,1
0,1
0,1
0,1
0,1
0,2
0,0
0,1
0,0
45,22
0,0
0,0
17,1
0,0
0,2
0,0
0,0
2,1
0,1
0,1
0,0
0,0
0,0
0,0
0,0
0,0
0,0
0,0
0,0
0,0
2,0
0,0
0,0
0,0
0,0
0,0
0,1
8,1
0,1
0,2
0,0
0,0
12,3
0,0
0,0
0,0
0,0
0,0
0,0
6,1
450,28
300,25
0,0
1,0
0,0
0,0
0,0
0,0
0,0
0,0
0,0
1,0
0,0
11,0
0,0
9,4
0,0
0,0
0,0
7,0
0,10
0,2
0,0
0,0
7,1
96,15
0,0
36,1
36,1
36,1
36,1
36,1
21,2
3,1
17,1
0,0
12,0
0,0
10,2
8,1
29,3
0,0
0,1
0,3
0,0
0,1
0,2
0,0
1,1
2,0
0,0
0,0
0,4
0,0
0,1
1,1
2,0
0,1
5,0
1,0
37,2
1,0
0,0
0,0
0,0
0,0
0,0
1,1
1,0
2,0
1,4
0,0
1,1
6,0
6,0
0,0
0,1
0,0
0,0
0,0
0,0
13,1
14,2
2,0
0,0
2,1
0,0
0,0
7,2
8,6
2,1
1,0
1,0
0,0
0,0
0,0
4,0
4,2
0,0
0,0
0,0
0,0
0,0
0,0
0,0
0,0
0,0
0,1
0,0
0,1
5,2
40,1
0,0
0,1
4,0
0,1
0,0
0,0
25,0
0,0
0,0
0,0
0,0
0,2
0,2
4,2
0,0
0,0
0,0
1,7
2,2
4,0
2,1
1,3
0,1
2,0
0,0
0,0
0,0
0,0
0,0
0,0
4,0
0,0
3,0
0,0
0,1
0,0
0,0
0,0
0,0
1,1
0,0
0,0
165,46
73,1
0,1
0,1
0,0
0,0
0,0
0,0
0,5
0,1
0,0
0,0
0,0
0,0
14,6
0,0
0,0
0,0
0,0
0,0
3,1
0,0
0,0
0,0
0,0
7,0
33,17
10,9
7,1
0,0
0,1
0,1
3,0
4,1
0,1
0,0
0,0
0,0
0,0
0,0
0,0
0,0
0,0
20,10
0,0
1,0
0,0
0,1
2,0
1,2
0,1
0,1
1,3
0,0
0,0
0,0
26,5
0,0
0,0
0,0
2,0
0,0
0,1
0,0
0,0
0,0
0,0
0,0
0,0
0,0
0,0
0,0
0,0
0,0
0,0
0,0
0,0
1,0
0,0
0,0
0,0
0,0
0,0
0,0
1,0
0,1
0,0
0,1
0,1
0,0
0,1
0,1
30,10
87,14
2,0
0,0
0,0
0,1
8,2
0,0
0,0
2,0
0,0
0,0
0,1
1,2
0,1
0,0
0,0
35,8
3,1
0,0
36,4
0,0
0,0
12,5
1,1
15,4
0,0
0,0
0,1
0,2
3,0
0,1
0,0
0,0
0,0
2,1
2,0
0,0
2,0
6,2
3,0
0,0
0,0
1,1
0,0
0,0
0,2
1,0
0,0
0,0
18,0
0,0
5,1
4,1
0,2
0,0
0,0
0,1
0,0
1,0
0,1
0,0
0,1
0,0
0,0
0,0
0,0
0,1
0,0
35,12
2,0
0,0
0,0
0,0
1,0
1,0
0,3
0,1
1,0
0,0
1,0
6,3
10,3
16,3
21,2
0,0
0,1
0,0
0,0
0,0
12,7
50,17
13,0
0,0
35,0
0,0
0,1
1,1
0,1
0,0
0,0
0,0
0,2
36,4
0,1
3,1
1,1
2,1
0,0
0,0
0,0
0,0
0,1
3,2
1,1
0,0
11,3
1,2
0,0
11,0
50,11
0,0
1,1
4,0
0,0
1,2
4,1
0,0
0,1
0,0
0,0
0,2
4,0
45,9
5,0
221,117
0,0
0,0
0,0
2,0
4,6
0,0
0,0
10,3
0,0
0,0
2,0
40,4
0,0
0,2
0,0
0,0
0,0
4,4
6,0
2,0
7,6
3,4
0,0
0,0
0,2
0,1
122,40
3,2
0,13
0,0
1,1
1,0
0,0
0,0
0,0
8,3
0,0
0,0
67,55
0,0
1,2
0,20
0,1
0,0
0,0
0,0
0,0
0,0
0,0
0,0
0,0
0,0
0,0
0,0
0,0
0,0
30,10
8,1
0,0
1,0
1,3
0,0
0,0
0,0
4,0
0,2
3,11
0,0
21,1
3,4
0,0
0,0
0,0
0,0
1,0
1,1
0,0
1,0
3,1
1,1
0,12
2,0
1,0
0,3
0,0
0,0
200,10
25,6
12,17
1,2
6,11
6,4
10,5
0,0
0,0
0,0
15,3
14,1
0,0
0,0
22,0
0,0
0,2
4,2
6,0
4,0
9,2
17,8
2,0
2,0
1,0
0,0
0,0
9,0
17,1
0,0
0,0
0,0
1,0
0,0
4,3
0,0
0,0
0,0
0,0
2,1
4,2
0,0
0,0
0,0
7,1
100,11
2,3
0,0
4,0
3,0
8,3
4,0
20,0
0,0
13,1
0,0
0,0
6,2
25,17
3,3
1,5
15,0
0,0
0,0
0,0
0,0
90,19
3,4
0,0
30,1
3,0
5,3
26,0
0,4
17,8
0,5
0,3
11,1
0,0
0,0
0,0
0,0
0,0
10,6
0,0
4,0
0,0
0,2
1,1
5,0
2,3
0,1
5,1
0,1
0,0
8,1
0,0
1,0
0,0
0,0
60,9
0,0
4,0
0,0
45,10
0,0
5,0
0,2
22,0
0,0
1,0
0,1
26,4
0,0
20,5
44,5
4,1
1,0
0,0
0,0
4,0
0,0
0,0
0,0
1,2
2,0
0,3
0,0
3,0
0,0
0,0
3,0
0,1
0,0
1,0
25,0
4,3
10,2
22,6
5,0
0,2
5,0
5,0
1,0
16,0
6,0
5,0
0,0
0,2
16,0
4,0
0,0
4,0
14,8
43,4
10,1
7,2
4,0
2,0
4,2
1,0
0,1
47,22
51,1
3,0
20,10
0,0
30,7
2,3
60,21
70,23
10,2
21,3
25,10
0,0
49,26
28,8
8,3
23,3
21,4
2,4
0,0
0,0
0,0
0,0
0,0
0,0
0,0
1,0
0,0
7,6
1,0
0,0
0,0
0,0
0,0
2,0
0,0
0,0
13,6
2,1
0,0
0,0
2,0
3,0
4,1
1,0
0,2
0,0
0,0
0,0
60,239
50,47
0,0
0,0
0,0
1,0
0,0
0,0
2,1
0,0
0,0
1,1
20,5
0,0
0,0
2,0
0,0
6,2
0,1
0,1
0,0
0,1
1,1
0,0
0,0
0,0
0,0
1,0
0,3
0,2
1,0
0,1
2,0
4,0
15,0
2,0
4,0
6,6
0,0
0,0
4,0
9,2
0,2
0,0
9,1
0,12
0,0
3,0
2,0
0,0
1,4
0,0
0,0
0,0
0,0
1,1
0,3
0,0
5,1
1,0
0,0
0,0
0,0
0,0
0,0
0,0
35,7
1,1
0,0
0,0
0,0
0,0
0,0
2,3
10,3
0,0
0,0
0,0
0,0
0,0
1,0
0,1
0,1
0,1
0,0
0,0
3,2
4,1
0,1
0,1
0,0
1,0
0,1
0,0
0,0
3,0
2,2
0,9
0,0
0,0
0,0
0,0
0,2
0,0
0,0
5,1
0,0
0,0
28,0
1,0
19,2
2,2
0,0
0,2
0,0
7,1
0,0
0,0
0,0
2,0
0,0
1,2
0,0
0,0
0,4
1,0
0,0
0,0
0,0
0,0
0,0
0,0
0,0
0,1
2,8
0,0
0,0
12,3
1,1
0,0
0,2
3,3
7,2
0,0
0,0
0,0
1,0
0,1
2,1
0,0
2,0
0,0
0,0
0,0
0,0
1,0
1,0
0,0
0,0
0,0
0,0
0,0
0,0
0,0
0,0
0,0
0,0
0,1
0,0
0,0
2,0
1,3
0,1
0,0
6,0
130,47
5,1
600,191
0,1
0,0
0,0
0,0
0,1
10,3
0,0
0,0
0,3
0,0
11,3
0,0
0,0
3,0
0,0
0,0
0,0
0,0
0,0
0,0
0,1
0,0
0,0
0,0
0,0
0,0
0,2
0,0
0,0
0,0
0,1
0,2
0,0
0,0
0,0
1,0
0,1
0,0
0,0
0,0
2,2
0,0
0,0
0,0
0,0
0,0
0,0
0,0
1,0
0,0
1,1
0,0
0,0
0,0
0,0
0,0
56,10
0,0
3,2
0,2
0,0
0,0
2,1
1,2
0,1
0,1
0,0
0,0
0,0
0,0
0,0
0,0
0,0
0,0
0,0
0,1
0,0
0,0
0,0
0,0
0,0
0,0
0,0
0,0
0,0
0,0
0,0
0,2
1,2
0,0
149,13
0,5
0,0
0,0
0,0
0,1
0,0
4,1
7,7
0,0
1,0
0,0
3,0
200,73
148,5
0,0
1,2
1,4
3,3
1,0
0,0
0,0
0,2
0,0
0,6
1,0
4,1
0,0
0,5
0,0
19,6
0,0
1,0
0,3
1,2
0,0
0,0
0,0
0,2
0,0
0,0
0,0
0,0
0,0
0,1
0,1
74,7
0,1
0,1
2,0
0,1
1,1
1,1
0,0
0,0
2,0
2,2
5,4
1,2
0,0
0,0
80,20
150,23
10,0
0,0
0,1
0,0
0,0
0,0
0,1
0,2
38,9
0,0
4,2
2,1
3,0
40,8
2,1
0,1
3,0
19,2
1,1
0,1
0,0
1,1
1,0
1,7
0,0
15,3
0,0
3,0
0,0
13,5
0,0
0,0
3,0
0,0
1,0
1,0
0,0
2,0
0,0
0,0
0,0
0,1
0,0
0,0
0,2
18,11
1,0
0,4
1,0
0,0
0,1
1,3
0,0
0,0
25,22
14,1
3,1
0,0
0,0
0,0
3,1
71,11
0,0
0,0
0,0
0,0
8,13
0,0
10,7
0,0
50,3
3,1
0,1
1,0
0,1
1,0
1,0
0,0
1,0
0,1
17,0
0,1
6,0
0,0
0,0
0,0
25,9
0,1
1,1
2,4
0,0
0,0
0,0
0,0
2,0
0,0
82,6
0,0
0,0
0,0
0,1
0,0
1,0
0,2
0,0
0,0
0,2
1,0
0,0
3,0
0,0
0,1
0,0
0,0
1,1
0,0
60,13
2,1
0,0
0,0
13,12
0,1
0,0
0,0
138,35
5,2
0,1
7,3
8,1
0,1
0,1
0,0
2,1
0,1
0,0
0,0
0,0
22,4
1,0
0,0
1,0
0,0
0,0
14,1
0,0
4,1
0,0
1,0
4,6
1,1
0,2
21,4
3,0
3,0
15,4
0,1
0,0
0,0
0,0
3,1
0,0
0,0
0,0
0,0
3,0
0,0
0,0
0,0
0,0
0,0
0,0
0,0
0,0
15,1
0,0
0,0
0,0
0,0
24,5
0,0
0,0
0,0
0,0
0,0
0,0
0,0
0,0
0,0
0,0
1,1
0,0
0,0
2,2
0,1
0,1
0,0
1,0
0,0
0,0
0,0
0,0
0,0
0,2
0,0
0,0
1,0
0,0
0,0
0,1
0,0
0,0
0,0
2,0
0,0
0,0
3,0
1,0
0,0
2,1
0,0
0,0
0,0
0,2
4,1
0,0
2,0
0,0
8,1
1,5
0,0
24,3
0,2
6,0
21,1
125,24
2,0
11,3
50,21
27,2
2,2
4,0
1,1
0,0
0,2
3,0
0,3
6,4
0,0
4,10
0,3
0,7
0,0
0,2
0,0
0,0
2,1
0,1
0,0
13,1
45,4
5,0
1,2
49,3
10,0
0,1
0,0
0,1
0,5
0,2
0,0
0,34
0,0
0,0
0,0
0,0
0,0
5,13
0,0
2,2
7,0
2,1
2,1
0,0
0,0
2,1
1,4
3,1
3,0
27,1
11,2
4,0
12,12
15,5
19,0
14,0
24,4
23,0
0,1
0,2
0,1
0,0
1,0
2,0
0,0
0,0
0,3
0,1
7,0
0,0
0,0
0,0
0,0
0,0
7,3
0,2
0,0
0,2
0,0
0,0
0,0
0,0
0,0
15,1
2,1
0,0
0,0
0,0
4,0
0,0
0,0
0,1
0,1
0,0
0,1
0,0
0,0
0,0
0,0
7,1
20,9
70,0
100,3
0,1
50,9
4,1
5,2
0,0
0,1
0,0
3,1
1,3
1,1
6,2
0,0
0,0
0,0
1,1
0,0
0,0
11,0
35,0
0,0
2,0
0,0
1,1
3,0
1,1
4,0
0,0
0,0
0,0
0,0
0,0
0,0
9,2
0,0
0,0
0,0
0,0
30,1
1,3
0,1
1,0
1,5
50,5
0,0
0,0
2,0
7,0
3,2
39,2
5,6
0,2
0,2
0,0
31,5
1,0
1,0
6,1
2,0
2,0
2,0
0,2
0,0
0,1
2,5
7,6
0,0
0,0
0,0
5,0
5,0
1,0
0,0
0,0
1,0
0,0
0,0
0,1
0,0
0,1
0,1
0,0
0,1
0,1
0,1
0,0
20,15
7,0
4,0
0,46
25,1
0,0
7,0
0,0
0,1
4,0
1,0
2,0
0,0
0,0
0,1
0,1
0,1
0,0
5,2
0,0
0,0
1,0
0,0
0,0
0,0
0,0
0,0
0,0
50,11
727,331
1,3
0,0
3,0
2,0
15,2
0,0
2,3
0,0
22,40
10,2
0,0
182,10
0,0
1,0
1,0
0,2
1,0
0,0
0,0
0,0
0,0
0,0
0,2
1,0
0,0
4,3
1,0
0,0
2,0
14,0
3,1
13,8
22,10
1,1
2,0
0,0
0,0
5,1
0,0
0,0
0,0
0,0
0,0
0,0
14,0
0,1
0,0
0,0
0,0
0,0
1,3
1,0
0,0
1,0
1,2
1,0
0,1
0,0
0,0
0,0
0,0
0,0
0,2
0,0
0,1
1,0
0,0
6,0
0,0
0,3
2,2
0,0
0,1
56,70
0,2
0,2
0,0
0,0
0,1
35,0
0,0
1,1
0,0
0,0
3,2
2,2
1,1
1,0
60,9
0,0
2,2
2,1
8,5
0,0
0,0
0,0
17,2
0,0
1,0
0,0
0,0
0,0
0,0
1,0
0,0
1,1
40,10
0,2
3,0
0,0
1,2
5,0
0,0
1,0
0,2
0,0
0,3
0,0
2,1
32,1
0,0
0,0
0,1
5,3
27,10
0,2
0,0
0,1
37,14
2,2
2,0
3,1
6,0
3,0
0,0
1,0
0,0
0,0
0,1
0,0
76,10
17,2
0,0
0,0
0,0
0,0
0,0
0,0
3,0
1,0
0,0
0,0
2,5
10,0
7,0
6,3
37,2
7,0
2,2
0,1
0,1
0,1
1,0
5,8
0,0
12,1
35,0
2,5
1,0
0,0
0,0
0,0
2,0
50,9
0,0
0,0
0,0
0,0
0,1
0,0
0,1
0,0
2,1
0,0
2,0
0,0
0,0
0,0
0,0
0,0
0,0
0,0
0,0
0,0
20,0
3,0
0,0
0,0
0,0
50,8
0,0
0,1
0,0
6,1
0,1
9,5
300,19
25,0
0,0
11,1
0,0
0,0
4,0
6,1
0,0
0,0
0,0
0,0
0,1
0,0
0,1
0,9
0,0
0,0
0,0
0,1
0,0
0,0
0,1
0,0
0,1
0,0
0,0
0,0
0,0
0,0
0,0
10,6
0,1
0,1
0,2
0,0
0,0
0,0
0,0
0,0
0,0
2,0
0,0
0,0
0,2
0,1
0,0
0,1
0,0
14,1
0,1
0,0
5,1
1,1
2,0
0,0
0,0
0,0
1,3
0,2
0,0
0,0
0,1
0,0
0,0
0,4
9,4
0,1
30,17
0,0
2,1
1,2
0,0
0,0
0,0
2,1
0,0
0,0
6,0
0,0
22,2
0,0
15,1
0,0
0,0
21,5
2,1
0,3
0,0
50,30
0,0
0,0
0,0
0,0
0,2
0,1
0,2
100,38
4,0
0,1
47,1
2,3
14,4
1,0
1,0
1,0
0,1
0,1
0,0
0,0
0,0
0,0
5,1
0,1
0,6
0,0
0,1
0,0
0,1
0,0
16,4
3,10
25,3
60,12
40,10
23,13
0,1
0,0
2,0
9,118
18,6
0,1
0,1
0,1
40,27
0,1
10,5
0,0
0,0
2,1
0,0
0,0
4,0
0,1
7,4
0,2
0,1
0,3
0,0
2,0
0,0
0,1
0,0
0,6
0,0
0,0
26,10
2,0
0,1
0,0
0,0
0,0
1,0
0,0
1,1
0,0
0,3
2,0
0,0
0,0
0,1
0,1
0,1
0,0
2,0
0,0
1,1
0,0
2,12
1,2
0,0
0,0
0,0
0,0
0,1
9,0
0,2
0,0
0,0
4,2
0,7
3,0
3,1
2,1
0,0
0,0
4,0
0,0
1,0
0,0
1,0
0,0
0,0
0,0
2,0
0,0
0,0
0,0
0,0
0,0
0,0
0,0
2,0
0,0
0,0
0,0
0,0
0,0
2,1
0,2
0,1
8,15
9,0
3,0
1,0
0,0
0,1
19,7
0,0
6,0
159,34
0,0
0,1
0,0
0,0
12,2
0,0
0,0
0,1
9,0
0,0
0,0
0,0
0,0
3,0
0,0
0,0
0,0
0,1
12,0
2,1
29,8
1,1
0,1
1,1
0,0
0,0
0,0
0,0
0,0
1,4
2,0
0,0
0,0
0,0
0,0
0,0
0,0
0,0
0,2
0,0
0,0
0,0
0,0
0,1
1,0
0,0
0,1
0,0
0,4
0,1
0,4
0,0
0,1
32,3
0,0
0,3
0,3
0,2
0,0
0,1
0,0
0,12
0,0
0,0
2,1
0,2
0,0
10,1
0,0
9,1
1,0
0,0
0,0
0,0
0,0
6,1
4,0
0,0
7,0
15,2
0,0
85,16
0,1
0,0
0,0
0,1
0,3
0,0
0,0
0,0
0,2
0,0
0,1
0,0
3,0
0,0
0,0
0,0
0,3
0,1
4,1
0,0
1,3
42,7
0,2
0,0
2,0
0,0
0,0
0,0
0,0
0,0
3,0
0,1
0,0
0,2
0,1
0,0
2,1
0,4
3,0
2,0
1,1
4,2
0,2
0,0
3,2
0,4
0,0
0,0
0,0
0,0
0,1
0,0
0,0
0,1
30,21
0,0
1,0
0,0
2,1
0,0
0,0
0,0
1,2
1,1
0,0
0,0
0,0
0,2
3,0
0,0
0,0
3,2
0,0
0,0
0,0
3,0
0,1
1,0
10,0
0,1
1,1
18,0
0,1
0,0
0,0
0,30
0,0
0,1
0,0
0,0
0,4
0,0
0,1
0,1
0,0
0,0
0,0
0,0
0,0
0,0
0,0
0,0
0,0
2,2
0,1
45,4
0,1
0,1
0,0
0,0
0,0
0,0
0,0
0,1
0,1
0,0
0,0
0,0
1,1
0,0
0,0
0,0
0,0
0,0
0,0
0,10
0,0
0,0
1,3
0,0
0,3
0,0
0,1
0,0
0,0
0,0
0,0
9,0
0,0
0,0
0,0
0,0
0,0
0,0
0,0
50,1
4,2
0,1
0,1
0,0
2,1
0,0
0,0
10,4
15,19
4,0
2,0
0,0
0,0
0,0
0,0
6,0
0,0
0,0
0,0
0,0
0,0
0,0
0,0
0,0
0,0
0,0
0,0
0,0
0,0
0,0
0,0
0,3
1,2
0,1
15,3
20,5
114,47
0,1
5,0
0,0
0,0
0,0
0,0
0,0
0,0
0,0
60,34
0,0
0,0
0,0
0,0
0,0
0,0
0,0
20,2
0,0
16,0
0,1
0,0
16,0
0,0
0,0
1,0
8,1
2,0
0,2
0,0
0,1
3,1
0,0
0,1
0,4
0,0
0,0
0,2
0,0
0,0
0,1
0,0
0,1
0,0
0,0
0,2
4,2
0,0
0,0
0,0
0,0
1,0
0,0
4,1
0,0
0,2
0,0
0,0
0,1
0,4
0,0
0,0
0,0
0,2
0,1
0,0
0,0
1,2
4,1
0,0
0,0
0,4
0,0
0,0
0,0
0,0
0,0
0,0
0,0
15,4
0,0
0,0
0,1
0,0
0,0
0,0
0,0
1,4
0,1
0,0
0,0
0,0
0,1
0,0
0,0
0,0
10,12
5,6
0,0
0,0
0,0
0,0
0,0
0,0
0,0
0,0
0,0
0,3
0,0
0,1
0,0
3,1
0,0
0,0
0,0
0,0
0,0
0,1
0,1
20,3
0,0
0,0
0,2
0,2
0,0
19,18
7,3
0,0
0,0
0,0
0,0
0,1
2,1
0,0
2,2
1,0
0,0
0,0
0,0
0,0
0,0
0,0
0,0
0,0
0,0
0,0
25,15
13,17
15,9
6,0
0,0
0,0
0,0
0,0
1,0
2,0
0,0
0,0
0,0
0,0
1,0
0,1
3,0
0,0
0,0
0,0
0,2
0,0
0,0
8,3
0,0
0,0
0,0
0,0
0,0
0,0
1,0
0,0
0,0
0,0
2,0
1,0
0,2
2,0
1,0
0,0
0,0
0,0
0,0
0,0
0,0
0,0
0,0
4,0
0,0
0,0
0,0
0,0
0,0
0,0
0,3
1,1
0,0
1,0
1,0
0,0
0,0
0,0
0,0
7,0
2,1
0,0
0,0
0,0
0,0
0,0
1,0
15,13
0,0
0,0
0,0
0,0
0,0
0,0
0,0
2,2
0,0
0,0
0,0
0,1
1,1
0,0
0,0
13,7
0,0
0,0
0,0
0,0
0,0
0,0
0,0
500,168
2,1
233,106
320,65
0,0
0,0
0,0
0,0
0,0
0,0
0,0
2,1
40,12
0,2
0,2
40,20
9,4
0,1
0,1
0,1
6,1
8,3
8,1
2,1
0,2
5,2
0,0
0,0
0,0
0,0
0,0
0,0
0,0
0,0
0,0
0,0
0,0
0,0
10,13
0,0
8,1
9,0
4,4
4,0
0,4
0,0
0,2
5,0
0,0
0,1
0,0
0,0
0,0
0,0
0,0
0,0
6,0
1,2
0,0
0,0
0,0
0,0
0,0
0,0
0,0
0,0
0,0
0,3
91,50
50,14
0,0
0,0
1,2
0,0
0,0
0,3
0,4
0,0
0,0
0,0
38,9
0,0
2,0
5,12
0,0
40,16
0,0
32,45
0,0
1,1
0,2
0,2
6,4
62,42
4,0
0,0
0,0
0,0
0,1
0,0
4,1
2,4
4,2
0,0
10,2
0,0
0,3
0,0
0,0
0,0
0,0
3,1
0,0
0,0
1,1
0,1
4,0
1,1
5,1
0,7
0,0
0,0
0,0
0,0
0,0
0,0
0,0
0,0
3,0
1,0
0,0
0,0
0,0
0,0
0,0
3,0
0,0
0,0
0,0
0,0
20,4
0,0
0,0
1,0
0,1
0,1
0,0
1,0
0,0
0,0
8,1
0,0
0,0
0,0
0,0
0,1
0,2
0,0
0,0
0,1
0,0
0,0
0,1
0,1
1,0
6,0
2,0
2,0
0,0
7,13
2,3
0,0
19,1
5,2
0,0
0,1
0,1
50,19
0,1
30,6
0,0
0,2
0,0
0,1
0,1
0,1
15,1
0,0
0,0
1,1
0,1
0,1
58,15
0,0
0,1
0,0
0,0
1,0
1,3
1,0
0,0
0,0
0,0
0,0
0,0
0,0
25,4
0,4
50,13
19,9
18,29
2,1
0,1
0,0
0,0
0,0
0,0
0,1
13,9
0,0
0,0
0,1
0,1
1,0
0,0
0,0
0,0
0,2
0,1
0,26
0,0
0,0
0,1
2,1
0,0
0,0
0,0
0,0
0,0
0,0
0,0
6,2
4,1
0,0
0,1
0,0
0,0
0,0
0,0
0,0
0,0
0,0
0,0
0,0
0,0
0,0
0,0
0,0
4,0
0,2
3,3
1,1
0,1
0,1
0,0
0,0
0,3
0,1
2,0
4,2
0,0
0,0
2,0
0,1
0,2
0,0
0,0
0,0
0,0
0,0
0,0
1,1
0,0
0,0
0,0
0,0
0,0
0,0
0,0
0,0
0,0
0,0
0,0
0,0
0,0
0,0
2,1
0,2
0,1
0,1
0,1
0,12
3,1
0,1
0,3
10,1
20,5
1,2
4,1
0,1
0,4
0,1
0,1
0,1
0,1
0,2
0,3
0,0
0,0
0,1
0,0
0,0
10,2
0,2
60,10
0,1
1,0
0,0
0,0
0,1
0,1
0,0
0,0
0,0
0,0
0,0
0,0
0,0
0,0
0,0
0,0
0,0
25,20
0,2
0,1
13,7
0,2
0,0
0,0
0,0
0,0
2,0
3,0
0,0
1,0
1,1
1,0
0,0
0,0
0,0
2,1
0,0
19,5
0,1
0,1
3,2
0,1
0,1
1,1
0,1
3,1
0,0
2,0
0,0
0,0
0,1
0,0
0,3
0,3
0,0
1,2
0,0
0,0
0,0
0,1
0,0
0,0
0,0
0,0
0,0
0,0
0,0
0,0
0,0
0,0
0,0
0,0
0,0
0,0
0,3
0,1
0,0
0,1
0,1
0,2
0,0
0,0
0,0
0,1
0,2
1,2
0,0
0,0
0,1
0,1
7,2
0,0
0,0
0,0
0,0
0,0
0,0
0,0
0,0
0,0
0,0
0,0
0,0
12,8
0,0
0,0
0,1
0,1
0,1
0,1
0,1
0,2
0,1
0,1
0,0
6,1
0,6
0,1
0,0
0,6
0,1
0,0
0,1
0,1
0,1
0,0
0,0
0,0
5,4
0,0
0,0
0,0
0,1
0,0
0,0
0,4
0,0
0,1
0,1
0,3
38,7
15,9
0,0
0,1
1,3
4,2
1,2
0,2
1,0
2,3
2,1
2,1
20,10
0,1
0,1
0,0
0,0
0,0
0,0
0,1
0,0
0,0
0,0
0,1
0,4
0,2
2,1
2,2
0,0
0,1
0,3
0,0
3,2
1,3
0,0
0,3
0,0
0,3
0,0
0,0
0,0
0,0
0,0
0,0
0,0
0,1
0,2
3,1
2,0
0,0
0,0
0,0
0,3
0,1
0,0
0,0
0,0
1,0
0,0
8,4
0,1
0,1
0,1
0,0
0,0
0,5
0,0
0,0
0,0
0,0
0,0
0,0
0,0
0,0
0,0
0,0
0,0
0,0
0,0
0,0
8,2
21,18
3,2
1,1
1,1
0,0
0,1
0,2
2,1
0,0
3,0
0,0
0,2
6,2
0,0
0,0
0,0
0,0
0,0
0,0
0,0
0,0
42,14
4,0
0,0
0,0
0,1
0,1
16,12
2,0
0,0
0,0
0,0
10,1
0,1
3,0
0,0
0,0
0,0
0,1
0,2
0,1
9,1
0,0
0,3
0,0
0,0
0,0
0,7
0,1
0,1
0,2
0,2
0,2
0,0
0,0
0,0
0,0
0,0
0,1
8,0
0,0
0,0
0,1
0,1
0,3
0,1
0,1
5,0
0,1
3,0
0,0
12,28
140,40
60,10
16,4
1,0
2,0
1,0
59,1
0,0
0,0
0,0
0,1
8,1
0,1
0,0
0,0
0,0
0,0
0,0
0,0
30,15
0,0
0,0
0,0
0,0
0,0
0,0
0,2
1,2
0,0
0,0
0,0
0,0
0,0
0,0
0,0
0,0
0,0
0,0
0,0
0,0
0,0
0,0
0,0
0,0
0,0
0,0
2,0
0,0
0,1
0,1
0,0
70,17
0,0
0,0
9,5
0,1
0,0
0,1
0,0
0,0
0,0
0,0
0,0
0,0
0,0
0,1
0,11
0,0
0,0
11,4
3,1
0,1
0,1
0,1
0,0
0,0
2,0
3,0
1,0
2,0
0,0
0,0
4,7
0,0
0,0
0,1
0,0
0,0
0,0
4,0
3,1
0,1
0,1
0,1
0,0
0,0
0,0
0,0
0,1
0,0
0,0
0,0
0,0
0,0
0,0
7,1
0,2
3,0
2,0
0,0
2,2
2,1
2,2
0,1
0,1
0,0
0,1
2,2
0,0
0,0
53,6
3,3
0,5
0,0
0,1
0,0
0,0
0,5
0,0
0,0
0,0
0,0
0,0
67,21
1,0
0,0
0,0
0,0
0,0
5,0
0,0
0,0
3,0
0,0
0,0
0,0
0,0
0,0
0,0
0,0
0,0
4,0
0,0
0,1
1,0
0,2
0,0
1,1
4,1
0,0
0,0
0,0
0,0
0,0
0,0
0,0
0,0
0,1
4,0
0,0
0,0
0,3
0,4
0,0
0,1
5,0
0,0
0,0
3,0
4,2
5,9
10,2
5,2
9,3
16,2
5,2
2,3
0,4
14,4
1,1
0,4
8,4
1,2
0,3
0,0
0,0
0,0
0,0
0,0
0,0
0,0
0,0
0,0
0,0
0,0
0,0
0,0
0,0
0,0
0,0
0,2
0,0
0,0
0,0
0,0
5,0
0,12
0,0
0,1
34,3
0,0
0,1
0,2
0,0
0,0
0,12
1,0
0,3
0,2
0,1
14,19
2,4
0,6
0,1
0,2
29,2
0,0
4,1
0,0
0,0
0,0
22,0
0,0
1,1
0,0
0,0
0,0
0,0
6,13
17,15
5,3
0,1
0,3
0,0
0,1
0,0
1,0
0,0
0,0
0,2
0,0
0,1
0,1
0,5
0,3
0,0
0,1
0,1
0,5
2,0
0,0
0,1
42,0
0,1
1,2
0,3
2,4
1,0
27,21
0,3
0,2
0,2
0,1
0,2
0,1
0,0
5,0
0,24
3,1
0,1
0,0
0,0
0,0
0,0
0,0
0,0
0,0
0,0
0,0
0,1
23,13
65,14
0,0
0,0
0,0
1,1
0,2
0,2
26,19
0,3
0,1
1,0
0,2
0,0
0,0
0,0
0,1
0,2
0,1
1,1
0,1
1,2
0,1
0,0
0,0
0,0
2,2
0,1
0,0
0,0
0,0
0,0
0,0
0,0
0,0
0,0
0,0
0,0
0,1
2,2
0,0
0,1
1,1
0,1
0,1
0,1
0,8
0,1
0,0
0,0
0,0
0,0
1,0
0,2
0,3
0,2
1,0
1,1
1,2
0,3
4,1
0,4
0,0
0,0
0,0
0,0
5,2
0,4
23,17
10,10
5,3
0,2
1,2
2,0
1,0
2,0
0,1
0,1
74,6
33,3
5,1
0,0
4,0
6,0
0,0
0,1
25,1
6,0
2,1
1,1
0,1
0,0
0,1
50,6
0,0
0,0
6,0
0,0
0,0
1,0
0,0
0,0
0,0
0,0
0,0
41,17
55,8
0,1
0,1
55,6
10,8
1,2
40,8
0,0
0,2
2,0
0,1
0,1
0,1
0,1
0,1
0,2
0,2
1,0
30,3
0,4
0,0
3,1
2,7
1,1
14,2
22,16
4,2
8,3
0,1
1,2
1,2
1,1
0,1
2,0
0,0
0,0
0,3
0,0
0,0
26,3
0,0
0,0
0,0
0,0
50,5
3,2
5,0
0,2
2,8
0,0
3,0
140,125
2,1
0,1
0,1
0,1
0,2
5,6
0,1
0,0
2,0
28,8
0,2
0,0
1,1
0,1
0,1
0,1
0,2
0,3
0,1
0,2
0,0
0,0
15,7
18,2
0,0
0,2
6,0
0,0
0,0
4,1
0,0
1,1
1,0
1,1
0,0
0,0
0,0
0,0
0,0
0,0
0,0
0,0
0,0
4,3
0,0
4,0
0,0
20,11
0,3
0,1
1,0
0,1
0,0
0,1
0,0
0,0
0,0
0,1
0,1
3,1
0,0
0,1
0,1
0,0
0,0
0,1
40,4
3,1
0,2
0,0
3,1
0,1
0,1
0,0
2,1
0,0
0,0
0,0
0,0
0,0
0,3
0,1
1,0
0,1
0,1
1,4
1,1
0,3
100,53
2,0
0,0
0,1
1,3
0,0
0,0
1,2
0,1
5,0
0,5
0,0
1,0
2,0
3,1
6,4
3,0
0,0
2,2
4,2
0,0
2,1
0,0
0,0
1,0
0,0
0,1
1,0
0,1
0,0
1,0
0,1
1,1
0,1
0,1
0,0
1,1
3,1
0,4
0,1
0,1
0,2
0,1
0,1
3,0
4,2
5,0
0,0
0,0
1,0
12,1
0,1
6,0
0,0
1,1
2,3
14,2
0,1
7,4
0,1
2,4
2,0
1,2
1,0
0,0
16,1
0,0
3,1
2,0
0,0
0,0
0,0
7,0
1,0
1,1
1,0
0,0
0,0
0,1
0,0
0,0
0,0
0,0
0,0
0,0
19,2
26,2
17,1
2,0
8,2
0,0
0,0
0,1
6,2
1,1
0,0
5,1
5,3
0,0
0,0
7,1
11,1
0,0
0,0
0,0
0,1
0,0
0,1
11,0
0,0
0,0
5,0
1,0
0,0
2,0
0,2
3,2
0,2
10,6
0,0
0,1
1,0
17,1
0,0
2,1
0,3
8,0
0,0
0,0
0,5
9,7
4,1
14,12
0,0
7,2
11,6
2,1
2,1
0,2
0,2
0,3
3,0
7,2
40,1
20,1
35,15
0,0
21,1
16,6
0,0
0,1
7,0
3,0
0,1
0,1
0,0
0,0
0,0
0,0
0,0
0,0
0,0
0,0
0,0
0,3
3,1
0,1
1,2
0,0
2,7
0,1
0,1
0,0
0,0
0,0
0,0
0,1
0,1
0,1
4,0
0,0
0,3
0,4
1,0
70,5
0,0
1,0
0,0
3,5
0,1
0,2
0,2
0,0
0,0
9,0
3,1
2,2
0,1
0,1
1,1
1,0
0,0
0,0
3,0
6,0
1,0
0,0
0,0
2,1
1,0
4,1
4,0
0,1
0,0
0,0
0,0
0,0
0,1
1,0
3,0
0,0
0,0
4,0
0,0
3,1
0,0
0,0
0,0
0,0
0,0
0,0
0,1
0,0
0,0
1,1
1,1
31,5
5,1
0,0
0,0
7,2
1,1
5,6
0,0
0,1
0,0
0,0
0,0
0,1
2,0
0,0
0,1
3,0
1,0
0,1
0,1
0,0
0,0
0,1
0,0
0,1
0,0
1,0
0,0
0,0
0,2
0,1
0,0
0,0
0,1
0,0
0,0
0,0
2,0
0,0
0,1
0,0
0,0
0,0
0,0
1,0
0,0
2,0
0,0
4,0
1,0
0,1
0,1
0,3
0,0
0,0
0,0
0,1
0,1
0,1
8,1
50,18
4,4
3,1
16,6
3,12
2,0
6,5
0,0
0,0
0,1
4,4
0,0
1,1
16,0
2,0
0,2
0,0
0,1
0,0
0,1
2,0
14,3
2,0
3,1
0,0
0,0
0,0
0,0
0,0
0,0
0,0
13,1
0,1
2,0
5,14
0,1
0,1
0,1
6,5
0,0
0,1
0,3
6,2
0,1
0,1
0,1
0,3
3,0
0,0
1,1
0,0
0,0
4,0
3,0
0,0
22,0
0,2
1,0
0,0
44,7
0,0
0,2
0,1
0,0
37,2
17,3
0,0
0,0
0,0
2,0
0,1
0,2
0,0
0,1
0,1
0,0
1,0
2,0
0,1
0,1
0,1
0,0
2,1
4,2
0,1
1,1
0,0
0,0
0,11
3,2
0,3
0,3
0,20
3,1
2,0
2,1
0,1
0,1
0,1
3,0
0,0
1,0
0,0
0,0
0,0
0,1
24,6
22,12
7,0
0,0
0,0
0,0
8,2
0,1
0,1
0,2
58,24
27,7
0,0
2,0
7,0
0,0
2,0
0,0
0,1
4,1
2,2
1,1
0,3
4,1
0,0
0,0
1,0
0,1
4,0
0,2
1,0
0,0
0,0
0,1
0,1
0,1
0,0
0,0
0,1
1,3
0,0
1,0
8,3
0,1
1,0
0,1
15,8
0,0
0,0
0,1
2,2
1,0
1,0
0,0
0,0
1,0
2,0
0,0
2,0
16,4
0,1
0,0
0,2
0,1
1,0
0,1
0,1
0,1
0,1
0,1
0,0
3,1
0,0
0,0
0,6
5,2
0,0
5,0
1,1
1,1
1,1
2,0
2,1
3,0
50,20
20,4
35,9
2,1
1,0
0,2
7,3
18,2
0,1
0,3
9,1
20,3
2,0
0,1
0,0
0,1
0,0
0,5
0,3
30,25
0,0
12,9
11,2
4,0
6,3
0,0
5,2
6,2
0,0
0,0
3,0
0,0
4,0
0,1
0,1
0,1
0,1
0,1
0,0
0,0
0,0
0,0
4,1
0,0
2,0
0,0
1,0
0,1
150,60
1,1
0,2
20,13
2,10
6,2
2,0
6,1
0,0
0,0
0,0
0,1
0,0
0,1
0,0
0,0
0,0
7,10
45,31
5,4
0,0
0,0
0,0
0,0
9,5
0,1
0,1
0,2
25,1
36,22
162,11
0,0
0,0
0,0
0,6
3,0
0,1
0,1
0,1
1,2
0,0
0,0
35,32
84,38
9,4
11,1
3,1
0,1
0,0
0,0
0,1
3,0
2,0
1,0
0,0
0,1
0,1
2,2
2,0
81,17
0,0
0,0
20,2
1,0
7,2
0,0
0,0
0,0
0,0
7,0
3,1
0,2
3,0
0,1
0,0
1,0
4,2
2,0
1,0
3,0
3,1
2,0
1,0
0,0
0,0
3,1
8,5
0,1
0,3
0,2
0,2
0,3
3,1
35,4
2,2
4,0
0,0
0,0
4,3
4,0
18,4
11,2
0,0
7,1
0,2
2,0
30,5
2,2
0,1
0,1
0,1
0,1
0,1
0,4
0,1
0,0
0,0
0,0
2,1
2,1
14,0
0,1
3,1
0,2
0,6
0,0
0,0
0,3
0,8
0,0
1,0
0,0
0,1
3,2
0,7
0,2
0,1
0,0
0,0
0,0
0,0
0,0
0,0
0,0
0,2
38,15
14,10
0,0
0,1
3,2
0,2
110,11
0,2
18,5
0,1
4,2
5,2
0,0
0,0
0,0
0,0
0,0
0,0
0,0
0,0
0,0
0,1
0,0
0,0
0,0
4,0
0,0
1,0
0,0
0,0
0,0
0,0
0,0
1,0
2,1
0,0
1,0
0,0
0,0
20,20
30,10
4,6
0,4
0,2
0,0
0,1
8,2
3,0
2,1
0,0
0,0
0,0
0,1
10,1
10,3
0,0
0,0
0,0
1,0
1,0
0,0
17,5
0,6
4,0
0,1
2,1
2,0
2,0
0,0
0,1
5,1
0,0
0,0
0,2
3,0
0,0
0,0
4,0
0,0
0,0
0,0
3,0
118,27
0,1
0,1
0,3
0,1
0,1
20,3
2,3
4,5
0,2
5,3
0,1
50,22
0,1
0,0
0,0
0,0
0,0
0,0
0,1
7,2
37,7
0,1
0,1
0,10
0,0
0,0
2,2
0,0
0,0
0,0
0,1
7,3
1,1
1,0
0,0
0,2
0,0
0,0
0,0
0,0
0,0
5,0
0,1
15,1
0,0
0,1
11,0
40,12
11,5
4,5
13,5
0,9
1,1
0,3
0,0
0,0
1,1
0,1
1,1
0,1
0,1
12,10
0,1
1,0
6,3
0,0
0,0
0,0
1,0
0,0
30,30
1,4
0,0
0,1
2,1
0,1
3,1
28,0
0,1
5,3
0,0
0,1
1,1
0,1
5,4
0,0
0,1
3,1
0,5
5,0
0,1
0,1
0,1
0,1
0,0
0,2
0,0
0,0
0,0
0,0
0,0
0,1
0,0
0,0
4,0
1,0
0,1
0,2
6,1
0,1
7,1
5,1
0,1
1,3
0,0
0,0
2,0
1,1
0,0
0,3
0,1
0,0
0,1
0,0
0,0
7,0
0,0
4,0
0,0
0,0
1,0
0,0
0,0
0,0
0,0
0,0
0,2
0,2
0,0
2,1
0,3
0,0
49,1
2,2
52,21
0,0
0,0
29,11
13,1
10,0
0,3
17,4
3,11
4,1
0,3
0,3
0,0
0,0
0,0
5,6
16,3
17,3
0,1
0,1
0,1
5,3
4,0
0,3
0,0
85,10
4,1
0,0
20,2
0,0
0,0
1,0
0,0
0,0
2,0
3,1
100,23
0,0
0,0
7,10
4,6
0,0
0,0
2,0
0,0
100,19
0,4
30,10
0,0
0,0
0,3
0,3
0,0
0,1
0,1
0,1
0,0
0,1
0,0
0,0
9,0
0,1
15,0
0,0
0,1
0,0
0,2
0,0
25,9
15,7
0,0
4,14
0,0
0,1
0,0
0,0
3,3
0,0
10,0
0,1
0,1
2,0
0,0
0,0
1,0
0,0
0,0
0,0
0,1
0,0
0,2
0,0
0,0
0,0
0,1
3,2
5,1
0,0
4,0
15,2
0,2
0,1
9,0
6,1
0,1
0,0
36,23
100,16
23,8
1,1
0,0
1,0
0,0
0,0
1,0
0,0
26,2
14,1
1,0
15,4
2,0
0,1
0,2
0,5
10,5
1,1
0,0
0,1
0,5
1,1
0,0
0,0
2,0
0,0
0,1
0,0
0,2
0,0
0,1
0,0
0,2
0,0
0,0
0,1
0,1
1,0
0,0
0,0
0,0
0,0
0,0
0,0
28,11
20,8
2,2
3,1
0,0
0,0
10,11
10,7
6,6
0,0
0,0
0,0
4,0
7,1
0,0
8,0
1,0
1,0
0,0
0,0
0,0
1,0
10,7
0,0
0,0
1,0
1,0
3,2
3,0
0,1
0,1
2,0
0,3
1,1
0,8
0,5
0,0
1,1
7,5
0,2
7,0
0,3
14,13
15,16
12,6
0,1
0,10
0,2
0,2
0,1
0,3
0,5
0,3
0,0
0,0
0,6
1,0
2,0
4,1
0,0
0,0
0,0
0,0
0,0
0,2
0,8
4,5
4,3
13,3
9,5
0,0
0,0
16,4
1,3
0,1
1,0
0,0
20,0
1,0
0,0
0,1
0,0
0,0
0,0
0,0
0,0
0,0
0,0
0,1
0,1
0,0
0,1
1,1
1,0
0,1
0,0
1,0
0,1
0,1
0,0
0,0
0,0
0,1
3,1
0,0
0,0
0,0
0,0
2,0
0,0
0,1
0,1
1,1
0,0
0,3
0,1
1,7
5,2
1,2
4,1
0,0
0,3
0,3
0,0
0,0
0,0
0,0
0,0
1,0
0,0
0,0
0,0
0,0
0,1
11,0
0,0
0,1
0,0
2,0
0,3
1,1
3,0
0,0
0,2
6,2
0,0
0,0
0,0
0,0
0,0
0,0
0,0
0,0
0,0
0,0
0,0
1,0
6,3
2,2
2,0
6,1
0,1
100,16
0,0
0,0
0,1
2,0
5,0
0,1
0,1
2,3
0,0
100,8
0,0
0,0
0,1
0,1
0,1
0,0
2,0
0,1
0,1
0,0
0,1
0,0
1,0
3,0
1,2
0,1
3,0
0,3
4,2
2,0
0,0
0,1
4,2
0,0
0,2
0,0
0,1
1,0
0,1
2,0
0,1
0,0
4,3
0,0
0,0
0,0
0,0
0,0
0,1
0,2
0,4
1,1
1,0
0,0
0,1
0,1
0,1
1,1
0,1
0,1
0,1
0,1
0,2
0,2
0,2
4,0
5,1
2,1
22,16
1,1
0,7
26,1
0,1
12,6
1,0
0,0
0,1
5,5
0,1
0,0
9,0
0,0
0,2
0,1
0,1
10,2
0,1
0,1
0,0
1,0
0,0
0,1
0,0
0,0
0,1
0,1
0,0
1,0
0,0
2,0
0,3
0,1
0,0
0,1
0,1
0,1
0,0
10,1
1,1
0,1
0,0
0,0
0,0
0,0
0,0
0,0
0,0
0,3
0,1
0,0
0,0
0,0
0,0
0,0
0,0
0,0
0,0
2,4
3,0
3,2
0,0
0,4
2,1
0,9
0,2
0,2
0,1
1,2
0,3
2,1
0,2
0,0
0,0
1,0
1,0
10,1
46,3
0,0
0,1
1,0
30,13
0,0
1,1
4,0
0,1
5,0
0,1
2,3
2,0
6,6
1,1
3,0
0,3
1,1
0,1
0,1
0,0
0,0
0,0
0,1
1,0
20,0
0,0
2,0
0,0
0,0
0,0
0,0
4,0
1,0
0,0
1,0
0,0
0,0
47,25
0,9
0,6
15,5
0,0
0,0
0,1
0,1
0,2
0,1
0,1
4,0
0,0
0,1
0,4
0,0
0,0
0,2
0,1
1,0
0,1
0,0
0,1
0,1
0,0
0,1
0,0
15,3
3,0
0,1
1,0
13,2
1,0
0,0
0,0
0,0
2,0
0,0
30,5
0,0
1,4
0,0
0,0
1,0
0,1
0,1
0,0
70,27
0,1
0,1
7,3
0,1
0,0
0,0
0,0
0,0
9,2
0,1
0,0
2,3
4,3
0,1
0,1
0,1
1,1
3,0
16,2
0,3
5,0
0,1
0,1
0,0
0,6
0,2
0,2
0,2
0,1
11,0
0,2
1,1
3,0
0,0
2,0
3,1
14,3
0,0
0,0
0,0
0,0
0,0
0,0
0,0
0,0
0,0
2,0
2,0
0,0
0,0
0,0
0,0
0,0
0,0
0,0
0,3
45,7
9,5
0,3
5,1
14,5
7,7
8,4
3,8
200,98
0,0
0,0
20,7
20,4
20,10
0,1
0,1
1,1
0,2
0,1
0,0
24,11
0,0
0,0
0,0
0,0
0,0
0,0
1,0
0,0
0,0
0,0
0,0
0,0
0,0
0,0
0,0
0,0
0,0
7,0
0,0
0,0
0,0
1,0
0,0
0,0
0,0
0,0
0,0
0,0
0,0
0,0
0,0
0,0
0,0
0,0
0,0
6,0
0,0
0,0
0,0
0,0
0,0
1,1
0,0
1,0
0,0
0,0
0,0
0,0
0,0
0,0
0,0
0,0
0,0
0,0
0,0
0,0
0,0
0,0
0,0
0,0
0,0
0,0
0,0
16,0
0,0
0,0
0,0
0,0
0,0
0,0
0,0
0,0
0,0
1,0
0,0
0,1
0,1
0,0
0,0
0,3
0,13
4,2
3,0
0,1
0,1
3,0
0,0
1,0
0,0
0,0
0,1
1,0
0,1
21,10
0,0
0,0
0,2
0,0
0,0
0,0
0,0
0,0
0,0
0,0
0,0
10,3
0,0
7,0
7,0
0,3
1,7
1,1
0,1
2,1
0,3
7,1
0,0
0,0
0,0
0,0
0,0
10,3
0,0
0,0
0,1
1,2
0,1
1,0
2,2
0,0
1,1
2,1
0,0
0,2
0,6
15,5
0,3
0,0
0,1
0,0
0,2
0,4
0,2
0,0
0,1
3,0
3,0
0,0
2,0
0,1
0,0
1,0
0,1
4,2
0,15
1,0
0,2
3,0
1,1
18,12
10,3
0,2
0,3
0,1
12,0
5,2
30,39
0,1
0,1
0,1
0,1
0,1
0,2
0,1
3,0
0,0
0,0
0,0
0,2
0,0
0,0
0,0
0,0
0,0
0,0
0,0
0,0
0,0
0,0
0,0
4,1
0,0
0,0
0,0
0,0
2,0
0,0
0,0
27,16
0,1
0,1
0,3
0,2
0,0
0,2
0,3
0,1
20,2
4,2
0,0
1,1
0,2
0,0
0,0
10,5
6,2
0,0
0,0
3,1
0,0
0,2
0,9
100,8
120,7
3,1
12,7
2,1
0,1
0,2
2,0
2,1
1,1
0,0
2,0
2,1
3,1
0,0
0,0
0,0
0,0
0,0
0,0
4,1
0,1
0,1
0,0
0,0
0,1
93,52
0,0
0,1
0,0
0,0
0,0
0,0
1,1
0,0
2,1
0,0
0,2
8,2
0,2
0,2
0,0
2,0
0,0
0,0
0,3
0,0
1,1
0,1
0,1
6,2
0,0
0,0
8,7
0,0
0,1
2,0
0,1
4,4
1,3
0,1
2,1
0,1
0,1
0,1
0,0
0,2
0,1
2,2
0,2
4,1
0,0
3,0
1,0
0,1
1,0
0,2
1,0
0,0
0,0
1,1
0,1
16,0
0,0
1,0
0,3
6,4
13,5
0,1
0,0
1,0
0,1
0,1
0,1
0,1
0,0
0,0
0,2
0,1
52,12
0,7
0,1
0,1
1,0
0,1
0,0
1,0
0,1
0,5
0,0
0,0
0,1
0,0
0,0
1,0
0,2
4,0
0,0
0,0
1,0
1,0
2,0
0,0
15,5
2,2
4,1
0,1
0,1
2,3
0,0
0,0
0,2
0,2
0,0
0,2
0,0
0,0
0,0
0,0
0,0
0,5
0,2
1,2
3,1
1,1
8,3
0,1
0,0
0,1
0,4
1,1
0,1
0,1
0,2
0,1
16,6
0,15
1,1
2,0
0,0
0,0
0,0
0,0
0,0
7,0
2,0
0,0
0,1
0,1
1,2
0,1
0,1
0,0
0,0
0,1
0,1
0,0
0,1
0,0
0,0
0,0
0,0
5,1
0,0
0,0
0,0
1,0
4,0
0,1
0,1
0,1
3,5
0,1
1,1
0,1
0,0
0,0
0,0
0,0
0,0
0,2
8,0
3,1
0,1
0,0
0,0
15,0
4,2
0,6
3,2
3,1
0,6
0,2
0,2
0,1
3,1
2,3
12,4
1,0
0,1
0,0
0,1
0,0
0,0
1,2
0,0
0,0
0,0
1,1
0,0
0,1
1,0
0,1
0,2
0,2
0,1
4,2
3,1
2,0
0,0
1,1
0,2
0,1
4,0
0,0
10,1
3,2
1,1
3,5
1,1
0,0
0,0
2,1
0,0
5,0
1,0
1,4
4,0
0,0
20,0
0,0
0,0
0,0
0,6
0,1
0,3
85,43
85,43
85,43
2,1
0,6
0,5
4,0
0,2
5,1
8,3
8,2
0,1
6,0
1,0
0,1
3,0
0,0
0,0
0,2
0,0
0,0
0,1
0,1
0,3
0,1
1,0
0,0
0,0
3,2
0,0
4,3
2,2
11,1
20,0
0,0
0,2
9,4
0,2
0,1
0,1
0,1
0,0
0,0
0,8
0,11
3,4
0,3
0,1
0,1
0,1
0,1
0,5
0,0
0,2
0,0
0,0
4,4
0,0
4,0
0,3
5,3
0,0
1,1
1,1
6,3
0,0
0,2
15,11
0,1
3,0
6,6
5,0
2,3
0,0
0,0
0,0
0,15
1,2
29,1
1,1
0,2
1,0
0,4
0,0
0,0
2,1
0,0
59,15
59,15
59,15
30,3
4,1
7,0
5,4
3,0
3,1
0,7
0,0
0,0
0,0
0,1
0,2
1,1
0,0
15,8
1,0
0,0
0,0
1,0
0,2
0,2
0,1
2,0
2,2
0,0
0,0
1,0
0,0
2,1
0,0
5,8
5,5
0,0
50,1
0,2
0,1
0,36
2,1
2,1
1,0
2,0
0,1
0,1
0,1
0,1
5,3
0,2
1,0
0,0
0,1
0,0
0,0
0,0
2,0
1,0
1,1
36,7
3,1
0,1
5,1
2,0
0,0
0,0
0,1
0,1
0,1
4,1
0,1
1,1
1,1
0,2
0,0
5,0
1,0
0,1
0,4
0,2
3,0
0,2
0,0
0,1
0,1
0,0
0,1
0,1
1,1
5,2
0,5
2,2
0,0
0,6
0,1
0,0
2,1
0,1
0,0
0,1
1,1
0,1
0,1
0,3
5,3
6,0
0,3
0,2
0,0
1,1
0,1
1,0
1,0
0,1
0,1
0,0
0,0
0,0
1,1
4,0
0,0
0,0
0,0
0,0
0,4
3,3
1,1
4,1
0,0
0,1
0,1
0,1
4,0
0,1
1,2
4,3
5,2
3,1
0,0
0,0
0,0
0,0
0,1
0,1
11,1
5,1
21,16
0,0
0,0
10,9
0,3
0,2
0,1
0,2
0,0
0,1
0,1
0,0
0,1
0,0
0,0
5,1
1,0
7,1
2,0
0,0
0,1
0,1
0,1
0,1
0,1
0,1
0,3
0,3
0,1
2,1
0,1
0,0
2,2
12,0
0,0
0,0
1,0
0,0
4,4
0,1
0,1
1,1
1,0
8,0
3,0
0,0
11,4
5,3
5,3
9,2
13,5
0,0
0,2
1,2
0,2
0,1
6,2
0,4
1,1
0,5
7,2
0,0
0,2
0,2
0,2
0,1
0,0
227,88
22,4
0,11
24,5
0,7
0,4
0,8
0,17
1,1
0,0
0,0
0,0
0,2
30,0
0,1
0,0
0,0
0,1
3,0
3,1
15,0
15,0
15,0
1,4
38,30
0,0
2,8
10,3
10,2
0,1
0,0
0,1
1,1
0,0
0,1
0,0
23,1
2,0
0,2
2,5
0,0
24,12
1,0
0,1
2,0
0,1
0,0
0,0
0,1
0,1
0,1
1,0
0,0
0,2
1,0
7,0
3,1
0,0
9,1
0,0
0,0
0,1
0,1
3,2
0,0
0,0
0,1
0,0
0,1
0,0
0,1
1,0
8,1
2,0
0,0
1,1
0,4
0,1
0,1
2,4
2,1
0,0
1,1
0,1
0,1
12,9
2,0
17,5
0,2
0,0
1,2
0,1
12,9
0,3
16,3
7,1
4,2
0,4
0,1
0,1
0,1
0,1
0,1
1,1
0,0
3,1
12,2
2,1
6,4
2,5
2,1
2,2
1,0
0,0
36,10
0,9
0,6
0,0
0,0
12,13
49,5
0,5
19,6
0,0
3,0
1,3
1,0
1,0
0,0
0,0
0,0
5,0
0,0
0,1
26,10
12,4
5,0
1,1
0,1
0,1
0,0
0,1
0,0
0,0
0,22
0,1
53,9
14,2
7,2
3,2
0,2
0,1
1,0
0,1
0,1
8,2
2,1
41,12
150,102
0,1
1,4
0,3
0,7
2,0
5,0
0,7
0,0
1,0
10,4
1,3
0,2
6,1
0,1
0,2
0,0
6,12
50,3
0,0
0,1
0,0
5,0
0,1
0,0
14,4
7,4
4,4
6,0
0,3
3,2
4,0
1,0
0,0
0,0
3,0
0,0
1,0
0,0
95,36
0,2
0,5
8,4
1,2
0,0
11,11
0,1
0,0
0,0
0,0
0,0
0,22
7,2
0,3
0,1
0,0
0,1
0,1
1,2
3,2
0,2
16,7
0,1
0,1
2,0
0,1
8,2
20,5
3,7
0,0
0,0
0,0
14,1
4,2
0,1
8,2
0,1
6,3
0,0
5,0
4,4
0,1
2,1
45,30
0,2
0,3
0,1
0,4
1,1
3,1
6,2
4,0
35,30
0,0
0,0
0,0
10,0
0,1
0,1
3,0
9,0
0,0
2,2
0,0
0,1
0,0
0,0
2,0
0,0
2,0
0,0
0,0
0,0
0,0
0,0
0,0
0,0
0,3
0,0
0,0
0,0
5,0
4,0
0,0
0,1
3,4
1,0
4,1
1,0
3,0
0,0
0,0
5,0
0,0
0,0
0,0
0,0
0,1
0,0
5,6
2,3
5,3
1,0
102,6
0,1
0,2
1,3
0,0
1,1
0,1
5,2
1,0
0,2
2,1
0,3
0,2
0,1
11,4
4,1
1,1
0,0
0,0
0,0
0,0
0,6
0,0
6,1
0,1
0,0
0,0
0,0
0,0
0,0
0,3
13,4
8,2
2,2
0,1
2,4
0,1
1,0
13,4
1,5
0,3
0,1
0,1
0,2
0,1
0,1
5,2
0,1
2,0
1,1
2,0
0,3
0,0
0,1
0,0
4,0
0,0
0,1
0,0
2,3
0,0
0,2
40,20
4,10
6,3
0,1
5,0
2,2
9,5
0,4
0,4
1,1
0,2
2,0
1,0
0,1
5,1
0,3
0,0
17,23
7,2
0,2
42,30
7,2
4,2
3,2
0,1
0,5
0,1
4,1
2,0
0,1
0,0
4,2
4,0
0,2
0,1
0,0
2,2
71,20
0,0
0,0
1,0
0,0
3,0
0,1
0,0
1,1
0,1
0,1
4,1
2,0
0,0
4,1
5,0
0,2
6,3
1,0
5,2
0,4
1,0
0,0
2,5
1,0
5,0
0,1
0,1
0,1
50,1
0,0
5,0
2,0
5,1
17,9
63,27
0,1
3,5
0,1
0,1
5,0
0,0
0,0
4,0
0,0
0,0
0,0
0,0
0,2
1,0
0,1
0,0
0,2
0,0
0,0
0,0
21,22
15,0
115,1
0,2
0,12
9,1
2,0
5,0
10,6
4,5
0,2
3,5
2,12
1,0
0,1
13,2
4,5
5,1
3,1
0,1
0,1
0,1
2,0
0,0
0,5
0,0
0,6
0,0
0,0
0,0
3,1
0,0
0,0
0,0
0,0
1,1
3,2
5,1
0,2
3,1
6,0
0,1
0,4
0,1
8,5
0,1
0,2
1,0
0,0
0,0
0,0
0,0
0,0
0,0
0,0
0,0
0,0
0,0
0,0
0,0
0,0
5,0
9,8
0,1
0,1
0,2
24,5
3,0
6,0
13,7
0,27
3,0
0,2
25,35
1,1
2,4
1,0
1,2
2,1
6,0
2,3
4,2
4,1
3,1
1,1
0,1
0,2
3,1
0,1
1,1
30,6
3,2
0,4
2,2
7,4
3,0
4,0
0,1
6,15
0,2
0,0
0,0
0,3
0,0
0,0
20,6
0,0
0,0
0,0
0,0
0,0
2,1
0,0
5,8
0,0
0,0
0,1
0,1
0,0
0,0
0,0
1,0
2,1
2,0
0,0
15,1
0,5
0,1
0,0
2,2
8,0
0,1
1,0
0,0
0,0
0,0
2,1
0,0
0,1
0,0
3,8
0,1
0,0
0,0
0,0
0,1
2,0
0,0
4,0
43,8
80,77
0,0
0,1
0,1
75,50
20,13
0,1
10,1
0,4
0,0
13,4
13,4
0,1
1,1
0,1
0,1
0,2
1,1
5,0
2,1
0,2
0,1
0,1
1,4
0,0
0,0
0,3
0,0
0,1
0,5
0,2
0,2
1,1
2,1
0,1
0,0
3,2
5,1
17,11
35,34
1,1
0,1
0,1
0,1
0,1
1,3
0,1
2,7
0,0
16,6
5,4
3,1
1,0
0,0
0,0
0,1
0,2
4,1
0,3
0,2
4,2
0,1
2,1
0,1
0,1
0,1
3,0
0,1
0,2
0,1
0,1
0,0
0,4
1,0
2,1
0,1
0,1
0,1
0,1
0,0
39,1
0,0
1,0
0,1
4,0
0,3
0,5
0,3
6,2
0,1
2,2
0,1
1,1
4,0
0,1
2,9
0,1
0,0
0,0
0,0
1,3
0,5
0,1
5,0
1,0
3,0
1,0
0,0
0,1
4,0
4,3
0,1
0,0
1,0
0,0
2,0
0,0
0,0
0,0
1,0
0,6
2,2
0,1
1,1
0,0
0,1
1,0
2,1
2,0
4,1
0,1
2,0
1,0
6,0
0,1
26,3
0,1
0,11
0,9
0,1
0,2
0,1
0,1
0,2
73,43
4,2
16,5
3,0
2,0
3,4
13,0
7,0
4,3
1,0
12,1
0,0
0,0
0,0
0,0
0,0
0,0
20,3
0,2
3,1
0,1
0,2
0,1
0,1
3,1
1,1
0,0
1,0
0,0
0,4
0,3
0,0
0,0
4,0
1,0
0,0
0,2
0,1
0,1
0,0
0,1
1,3
0,1
0,0
2,2
1,1
44,32
4,2
0,0
0,1
0,0
0,0
1,1
40,6
100,63
0,0
14,3
7,1
0,1
0,0
2,1
0,1
0,1
0,0
0,0
0,0
3,0
0,0
0,2
4,1
9,2
1,3
3,1
7,1
13,3
4,3
0,1
0,0
1,3
7,4
0,1
2,0
0,0
0,0
0,0
0,0
32,3
0,1
0,1
3,1
1,1
1,0
0,0
3,0
7,0
0,0
1,0
3,2
0,0
0,0
0,0
0,1
3,0
0,0
2,1
2,1
0,0
0,0
4,1
0,0
0,0
0,0
0,0
0,0
0,0
0,0
1,0
0,0
1,0
1,0
0,0
0,0
0,0
0,0
0,1
2,0
0,5
0,0
3,1
0,0
2,5
0,0
0,0
0,0
0,0
0,0
0,1
0,0
0,0
0,0
1,3
0,0
1,1
3,2
0,0
0,1
0,0
0,0
10,0
0,1
12,1
1,0
0,0
14,6
0,3
16,0
0,1
0,1
0,1
1,0
19,8
1,0
0,1
0,10
0,1
1,1
0,1
3,3
0,0
0,0
0,0
1,0
0,2
0,1
0,0
0,1
0,1
2,1
0,2
0,1
0,0
0,0
0,0
1,1
0,1
0,1
0,1
1,1
0,2
2,3
2,1
0,1
4,0
0,2
0,1
0,1
15,5
2,1
0,3
0,1
11,2
4,3
2,0
4,0
1,0
0,4
5,0
2,1
6,4
3,4
8,0
0,2
8,1
0,1
0,1
1,0
0,1
0,1
4,11
26,3
0,3
1,1
0,2
0,1
3,1
0,1
2,0
0,1
0,1
0,1
0,0
3,2
0,0
4,3
2,0
0,3
0,1
2,0
7,0
3,0
0,0
8,5
2,1
1,1
6,1
0,2
1,1
0,0
0,0
4,0
4,2
0,0
0,1
0,4
0,0
0,1
0,3
12,1
6,0
4,3
2,1
6,6
0,1
0,12
0,1
1,0
0,2
0,0
0,0
0,0
12,5
0,3
5,12
0,0
0,0
0,0
0,0
23,0
0,0
0,0
2,5
4,2
4,0
0,5
0,9
0,2
0,0
0,0
13,7
0,0
1,0
0,1
0,0
0,1
3,1
3,2
5,0
0,0
0,0
0,0
5,0
0,1
0,1
11,2
2,0
0,0
1,0
6,2
0,0
0,0
0,0
0,0
0,0
0,0
0,0
1,1
42,36
0,0
0,0
0,0
0,0
0,0
0,0
0,0
0,0
0,1
0,1
15,7
13,4
0,2
0,1
0,1
0,1
0,0
0,0
0,0
0,0
0,1
0,1
0,1
0,6
0,0
0,2
0,0
0,2
0,1
1,0
0,0
1,0
0,0
0,1
1,0
0,0
0,0
0,0
0,0
3,0
0,0
0,0
120,63
60,56
6,2
0,1
1,3
0,1
0,0
3,2
0,1
0,1
0,0
45,16
0,0
0,0
1,0
0,0
18,10
0,1
0,2
0,1
6,0
3,0
4,1
0,1
0,1
0,1
0,1
0,1
3,1
0,0
5,0
1,0
6,0
0,0
0,0
0,0
0,0
0,0
3,1
0,0
0,0
0,0
0,0
0,0
0,0
0,0
0,0
0,0
0,0
0,1
2,0
0,0
0,2
0,0
0,0
0,0
0,1
5,1
1,1
5,1
0,0
0,0
0,1
0,4
0,0
0,0
3,0
0,0
0,1
0,0
0,3
0,0
0,0
0,0
1,0
1,0
0,0
25,29
0,1
16,5
0,1
0,0
0,2
0,1
0,1
1,0
0,1
5,2
7,1
0,1
0,1
13,0
11,0
0,1
17,4
3,2
90,3
20,3
1,0
0,0
0,0
0,0
0,0
1,0
0,0
0,0
72,4
0,0
0,0
0,0
0,1
0,0
2,0
1,2
3,0
0,0
0,0
0,0
0,0
21,6
0,0
0,0
0,0
0,0
0,0
0,1
0,0
0,0
0,1
0,2
0,2
0,0
0,1
0,0
2,0
0,0
0,1
0,0
0,0
0,0
5,1
3,3
0,2
1,0
2,0
0,0
4,0
0,0
0,0
1,0
0,0
1,1
0,0
0,0
0,0
30,1
0,0
0,3
0,1
0,1
0,0
0,0
0,0
0,1
0,0
0,1
0,1
50,10
0,0
0,0
0,0
0,0
0,0
1,2
1,0
0,4
0,1
0,2
0,0
8,1
0,0
0,1
50,12
46,7
0,1
0,0
0,0
0,1
0,1
1,0
0,0
0,1
0,1
0,0
1,1
0,1
0,1
0,0
0,0
1,1
0,0
0,0
0,0
0,0
0,0
0,3
0,1
0,3
0,0
0,1
0,0
0,0
7,1
0,1
0,0
2,0
0,0
0,0
4,0
0,0
0,0
0,0
0,2
0,0
0,0
0,0
0,0
0,0
0,0
0,0
1,0
0,0
2,1
1,0
0,0
5,1
0,0
0,1
0,1
4,0
1,0
3,0
0,0
1,0
0,0
0,0
0,0
0,0
0,0
0,0
0,0
0,0
0,1
0,1
0,1
0,1
0,2
0,1
18,6
0,1
0,1
2,0
0,1
0,1
0,1
4,2
10,0
0,2
0,1
0,2
4,0
0,1
0,1
0,1
0,1
2,1
1,1
2,0
0,2
0,1
5,0
0,1
0,2
0,0
0,0
4,0
0,1
2,0
0,1
0,1
5,1
0,7
2,0
0,3
0,1
4,4
0,1
1,34
3,1
3,1
8,0
7,0
12,0
0,1
3,3
0,0
0,0
1,0
4,0
0,1
0,0
0,1
0,0
0,0
0,0
2,0
0,0
1,2
0,0
0,0
21,16
5,7
1,2
0,2
0,0
0,0
0,0
0,0
0,0
0,0
0,0
0,0
0,0
0,0
0,0
0,0
0,0
0,0
0,0
0,0
0,0
20,1
6,3
0,0
9,4
1,5
0,2
3,3
0,1
4,1
5,0
0,1
0,1
2,1
0,1
0,1
2,1
10,0
4,0
2,1
2,0
8,1
0,1
0,1
1,1
0,0
0,2
4,0
4,1
4,0
0,1
0,0
6,1
1,1
0,0
0,1
0,1
1,0
1,1
3,0
4,0
3,0
0,1
1,3
0,1
0,1
3,2
6,1
83,0
82,43
0,0
0,1
0,2
0,1
1,1
0,0
78,9
0,0
0,0
0,0
12,1
14,0
1,7
0,2
0,0
0,0
12,0
0,0
0,0
0,0
8,4
1,2
46,9
3,0
0,1
0,0
0,0
0,0
0,0
0,1
0,0
1,1
0,0
0,0
0,2
0,1
0,0
0,2
1,0
1,0
0,0
2,0
2,0
0,1
0,0
0,0
0,1
0,1
11,3
0,0
6,0
0,0
0,0
0,0
0,0
0,1
3,2
4,1
5,11
0,1
3,2
3,2
0,1
0,1
0,1
0,1
3,1
2,1
2,0
4,1
30,1
0,1
0,1
0,1
4,1
0,3
0,0
3,0
1,2
0,2
0,1
3,1
0,3
0,1
48,7
0,1
1,0
0,1
1,0
2,0
1,0
0,0
0,0
0,0
0,0
0,0
0,1
0,0
1,0
0,0
0,0
0,0
0,0
0,0
0,1
0,0
2,0
0,0
0,0
0,0
0,0
0,0
0,0
0,0
0,0
0,3
0,0
0,0
3,0
0,0
0,1
0,0
0,0
0,0
1,1
1,1
0,5
0,0
2,0
4,1
0,0
0,0
0,0
0,0
0,0
1,2
0,0
0,0
0,0
0,0
0,0
0,0
0,0
0,0
0,0
0,0
0,0
0,0
0,0
0,0
0,0
0,0
0,0
0,0
0,0
0,1
0,0
0,0
0,0
0,0
0,0
0,0
2,0
2,1
50,8
27,22
0,0
0,0
22,0
0,1
10,18
0,0
0,0
0,0
0,0
0,0
0,0
0,0
0,0
0,0
0,0
0,0
0,0
0,0
0,0
5,0
0,0
0,0
0,3
0,1
0,0
0,1
0,1
0,1
0,1
0,0
0,0
0,0
0,0
0,0
0,0
0,0
10,0
0,0
0,0
0,0
13,2
57,9
0,1
5,2
5,1
0,0
0,0
0,1
4,2
0,1
0,0
1,0
0,0
0,0
1,0
0,0
0,0
0,0
0,0
0,0
3,0
0,0
0,0
0,0
0,0
0,0
4,4
0,0
0,0
0,0
0,0
0,0
0,0
0,1
1,0
0,0
0,0
0,0
0,0
0,1
0,0
0,0
0,0
0,1
0,0
0,0
0,0
0,0
0,0
0,0
0,0
0,0
0,0
0,0
0,0
0,1
1,0
0,0
0,0
0,0
0,0
0,0
0,0
1,1
2,0
0,1
0,1
0,1
0,2
0,2
0,5
6,0
2,2
0,1
0,1
1,1
5,0
0,1
0,1
0,1
4,1
0,1
2,3
18,4
0,1
4,0
4,1
0,0
6,0
0,2
4,0
1,2
0,3
0,0
0,0
0,1
1,0
0,0
3,1
2,0
6,0
1,1
0,0
0,0
0,1
4,0
0,2
0,0
0,4
0,1
0,1
0,1
0,1
0,1
0,1
3,0
2,0
0,1
2,1
0,5
0,2
0,1
1,1
0,1
0,0
8,1
0,1
9,0
0,0
3,2
4,4
0,1
0,1
40,10
0,1
0,1
0,5
1,2
1,1
0,1
0,1
0,2
0,1
0,1
2,0
0,1
0,0
2,1
0,1
1,2
2,1
4,0
12,0
4,0
5,0
1,2
0,2
4,11
5,1
2,0
5,0
0,1
3,0
0,1
2,1
2,0
2,0
1,1
0,1
4,0
1,0
0,2
0,1
0,1
3,0
0,2
0,1
1,0
3,0
0,0
0,0
0,0
4,4
0,0
0,0
4,1
8,1
0,2
0,0
0,4
0,0
0,0
0,0
0,0
0,1
4,1
27,3
0,1
0,0
3,0
0,0
0,0
0,0
0,0
0,1
0,0
0,0
1,0
1,2
0,0
5,1
0,1
0,1
0,0
0,1
0,3
3,0
4,0
0,1
3,1
0,3
0,1
1,0
4,0
0,1
0,1
0,1
0,4
13,6
3,0
6,0
0,0
4,0
2,0
0,1
15,12
21,5
4,3
4,0
0,3
0,1
0,1
2,0
8,0
0,1
2,0
4,3
1,0
2,1
3,3
11,0
1,1
4,0
0,1
4,0
2,0
11,2
2,0
1,0
1,1
4,0
0,1
5,2
3,0
2,0
4,2
0,1
3,1
3,1
0,0
3,0
0,0
0,0
28,22
0,0
0,0
0,0
0,0
0,0
0,0
0,0
0,0
0,0
0,0
0,0
0,0
0,0
0,0
0,0
0,0
14,2
0,0
0,0
0,1
4,2
0,1
4,0
0,2
0,4
0,1
0,0
0,0
2,1
0,1
0,0
1,0
0,3
0,47
3,0
0,0
0,1
0,0
0,9
0,12
0,0
0,1
0,1
0,2
0,5
0,1
4,1
0,2
0,0
0,0
0,0
0,0
0,0
0,0
0,0
5,0
1,0
0,0
0,1
0,0
0,0
0,0
0,0
0,0
0,0
0,0
1,1
0,0
0,0
17,1
0,0
0,0
0,0
0,0
0,0
0,0
0,0
0,0
0,13
4,2
2,1
0,0
0,0
0,0
51,23
17,9
6,2
0,0
16,6
0,0
0,1
0,0
0,4
0,0
0,9
0,4
3,0
55,23
14,9
4,0
0,2
0,0
0,1
0,4
1,0
0,0
0,1
5,2
0,1
6,0
5,2
8,0
5,3
8,4
0,0
0,0
0,0
0,0
0,1
31,8
0,14
0,1
0,0
0,0
0,0
2,0
0,1
0,1
0,0
45,15
0,0
0,0
0,2
58,23
15,3
0,0
0,1
5,1
5,1
14,8
10,5
3,1
0,4
0,0
2,0
2,0
0,0
1,1
0,1
0,1
2,0
0,1
3,9
0,18
0,2
0,1
0,0
0,0
1,0
0,0
0,0
0,0
3,0
3,2
2,0
1,2
23,6
6,2
7,0
5,2
3,2
6,3
1,2
0,0
0,3
3,2
3,1
0,1
0,1
3,2
4,2
3,0
2,1
3,2
6,0
0,0
0,1
0,2
0,1
5,1
7,0
0,0
1,1
3,1
4,3
2,3
0,0
0,0
0,3
1,0
1,1
4,3
1,0
0,1
0,1
0,18
0,1
5,2
0,0
7,2
0,0
2,2
0,1
1,1
3,0
1,0
0,0
3,0
0,2
0,1
5,11
12,5
2,2
2,2
3,1
3,2
200,58
0,0
0,2
0,0
4,2
12,6
5,0
0,3
0,1
4,1
1,1
0,1
9,0
4,0
8,2
4,1
3,1
18,6
5,0
4,2
0,0
0,2
0,0
0,0
4,1
2,0
0,1
0,1
1,2
7,1
0,29
0,15
0,1
0,4
0,1
0,1
0,1
0,1
2,0
0,2
9,1
2,1
6,3
0,2
0,1
0,0
1,0
1,1
1,1
15,1
0,0
1,0
0,0
0,1
1,1
0,0
0,1
3,0
0,0
5,3
7,1
4,2
3,0
3,0
4,2
0,4
7,2
0,1
4,2
1,1
3,1
5,0
1,0
0,0
0,0
0,0
0,0
0,0
0,0
0,0
0,0
0,0
0,0
0,0
0,0
0,0
0,0
0,0
0,0
0,0
0,0
0,0
0,0
0,0
0,0
0,0
0,0
0,0
0,0
0,0
3,2
4,4
0,1
4,1
2,4
12,1
0,2
0,0
3,0
5,0
0,2
8,2
2,0
2,2
1,0
2,0
0,2
1,1
0,0
4,6
3,4
5,0
1,0
3,1
3,0
0,2
0,1
5,0
0,1
1,1
2,1
0,2
2,0
0,16
18,1
4,2
28,1
5,1
4,1
0,4
4,0
13,22
0,1
32,25
6,3
22,7
0,1
0,4
7,4
3,1
2,2
0,1
0,1
1,0
23,3
4,3
3,1
5,0
1,0
4,0
2,0
2,0
2,0
1,1
0,0
0,2
0,0
3,1
0,2
0,0
0,2
17,5
1,3
0,3
0,1
0,1
1,4
6,7
1,0
0,1
3,0
1,0
30,40
0,1
0,1
4,4
0,1
1,0
0,2
3,0
0,2
6,2
4,0
1,0
3,0
4,0
6,2
4,0
1,0
1,0
0,1
0,2
1,1
0,2
3,6
0,1
5,0
4,0
0,0
35,7
0,1
12,2
1,2
0,1
6,0
0,3
5,0
5,0
6,8
0,0
3,1
0,1
0,3
0,0
7,1
2,0
0,1
0,0
1,0
2,1
2,0
4,0
0,1
5,0
0,0
0,1
1,8
6,0
3,1
2,0
0,1
1,7
10,1
7,1
4,0
0,1
0,1
0,1
3,3
0,0
0,0
0,0
0,1
0,0
0,0
2,1
0,6
0,1
0,2
0,4
0,2
0,2
0,1
0,0
6,2
5,0
0,14
5,1
0,0
3,0
2,0
0,0
0,0
0,0
0,1
1,3
0,1
5,1
0,1
2,1
0,1
0,0
3,2
1,0
0,0
0,0
38,10
1,2
1,0
4,2
0,1
20,9
0,0
1,1
0,1
0,6
0,2
1,0
2,0
0,0
0,0
4,2
0,0
9,0
1,0
0,0
8,0
0,1
4,2
0,1
0,0
0,0
0,0
28,1
0,1
0,1
13,0
1,0
0,1
1,5
0,6
0,1
0,1
0,1
1,1
0,2
28,10
0,2
4,1
0,1
2,1
0,1
13,0
0,1
1,1
0,1
0,1
0,1
30,15
2,5
8,0
0,5
0,1
5,1
2,0
0,0
164,90
0,0
2,0
21,6
0,2
0,1
8,0
6,0
3,0
2,0
5,0
2,0
5,0
9,0
7,3
2,1
3,1
2,1
0,3
0,1
1,1
9,3
1,0
0,1
0,1
0,1
0,0
0,0
0,2
0,1
13,5
2,0
1,0
0,1
0,1
23,2
7,3
4,4
0,2
2,0
0,1
5,0
6,0
4,2
0,4
4,2
1,1
2,0
0,1
0,3
0,1
70,31
1,2
2,1
0,2
0,1
1,2
0,1
0,4
0,1
0,2
2,0
22,15
0,7
0,1
0,2
0,8
5,2
2,3
3,1
10,10
0,1
0,11
0,0
0,2
5,0
1,0
0,0
24,7
0,2
0,1
0,1
0,0
0,1
0,7
0,2
0,3
23,11
7,4
0,1
3,1
0,1
0,0
0,1
0,2
0,1
0,1
0,0
0,1
1,0
4,0
2,0
1,0
22,5
3,0
2,1
1,1
6,1
0,1
20,7
3,0
0,0
0,2
0,1
0,0
11,1
0,0
0,0
0,3
2,0
3,5
1,1
0,0
0,1
4,0
0,1
0,0
0,2
0,1
7,2
2,1
4,1
0,2
4,2
2,4
6,0
0,0
2,0
0,3
0,1
37,3
8,13
1,0
0,0
0,0
1,1
8,1
0,0
0,0
0,1
0,1
0,1
3,0
8,0
0,2
0,1
1,5
1,2
0,1
3,4
0,0
11,6
0,0
0,0
0,1
0,0
0,0
0,1
0,1
0,0
15,0
6,0
2,0
25,5
5,0
25,3
7,0
0,6
0,14
0,1
2,0
0,0
17,2
11,6
2,0
0,0
3,0
3,7
0,0
1,1
1,0
0,1
0,2
2,0
0,1
0,0
1,0
1,1
1,0
1,2
0,1
0,1
3,0
0,1
0,1
0,6
0,17
0,15
0,1
0,3
3,2
1,0
4,0
3,0
0,2
3,1
2,5
0,2
0,1
0,1
0,6
0,6
2,1
3,0
2,4
4,2
0,3
0,7
0,0
0,0
0,0
0,3
2,1
8,27
0,0
0,2
0,3
0,0
0,0
10,3
3,2
0,3
1,0
18,0
3,0
6,1
3,0
6,1
0,0
1,3
13,1
0,0
0,0
2,4
1,0
0,2
0,5
0,0
49,12
31,0
0,0
30,14
1,1
0,6
0,2
0,2
2,1
0,2
3,2
2,0
3,0
0,0
0,0
2,3
0,1
1,1
7,0
2,0
2,0
2,1
2,0
3,1
0,5
2,0
0,0
0,0
2,4
0,1
0,0
8,0
0,1
0,3
5,0
5,2
0,1
0,12
5,10
3,0
1,1
0,4
0,3
4,3
0,15
0,14
17,2
0,4
1,1
1,0
30,18
1,0
0,1
3,1
0,3
0,2
2,1
2,1
0,0
52,10
0,1
1,1
0,16
0,0
1,0
2,0
0,1
0,1
0,1
0,0
1,0
0,1
22,0
0,1
1,1
0,0
4,3
0,2
2,2
0,3
0,4
0,1
0,0
2,0
0,0
0,1
0,5
0,2
0,1
0,6
0,1
4,0
2,0
4,1
4,0
0,3
1,2
0,5
2,2
0,1
10,5
2,1
0,2
0,7
3,0
2,1
10,0
10,5
8,5
0,1
0,0
0,2
0,0
25,1
52,21
0,6
1,3
0,0
6,1
2,2
0,1
0,2
0,8
0,3
0,3
0,0
0,0
0,0
0,0
0,0
0,0
0,0
0,0
0,0
0,0
0,0
0,0
1,0
0,1
0,0
1,0
0,0
0,0
1,1
0,0
0,0
0,0
0,0
0,0
0,0
19,14
1,2
0,0
0,1
0,0
5,3
0,0
0,2
0,0
0,0
0,0
0,0
0,0
3,0
0,0
50,23
0,0
0,4
0,3
0,0
1,0
0,0
0,4
0,0
0,0
0,0
0,0
0,0
0,0
0,0
25,0
0,0
0,0
0,5
0,0
0,0
0,0
0,2
0,0
0,1
0,0
0,0
0,0
0,0
0,1
0,0
25,2
2,2
2,0
0,0
14,0
0,0
0,0
0,0
0,0
2,0
0,0
0,1
83,23
5,0
2,1
0,2
0,0
0,0
10,7
0,0
0,0
