0,0
0,0
0,0
0,0
0,0
0,0
0,0
0,0
0,0
0,0
0,0
0,0
0,0
0,0
0,0
0,0
0,0
2,28
0,3
0,0
0,0
0,0
0,0
0,0
0,0
0,0
0,0
0,0
0,0
0,0
0,0
0,0
0,0
0,0
0,0
1,0
0,0
0,0
0,0
0,0
0,0
0,0
0,0
0,0
0,0
0,0
0,0
0,0
0,0
0,0
0,0
0,0
0,0
0,0
0,0
0,0
0,0
0,0
0,0
0,0
0,0
0,0
0,0
0,10
0,0
0,0
1,0
0,0
1,71
0,0
5,0
1,4
0,0
0,0
0,0
0,0
0,0
0,0
0,0
0,0
1,0
0,0
0,0
0,0
0,0
0,0
3,0
0,0
0,0
0,0
0,0
0,0
12,52
0,0
1,1
0,0
0,0
0,0
0,0
0,0
1,6
2,8
0,0
0,0
0,0
0,0
0,0
0,0
0,0
0,0
2,16
0,0
0,1
0,0
0,0
0,0
0,0
0,0
0,0
0,0
0,0
1,1
1,0
0,0
0,0
1,0
0,16
0,0
0,0
0,0
0,0
0,0
0,0
0,0
0,0
1,0
0,0
0,0
0,3
0,0
0,0
0,1
11,12
0,0
0,0
0,0
0,0
0,0
0,0
0,0
0,0
0,0
0,5
1,1
0,0
5,20
5,20
1,1
0,14
0,3
0,0
2,0
4,20
0,0
1,0
0,1
0,3
0,0
0,0
0,0
4,0
0,1
0,20
0,0
0,0
0,6
0,0
0,0
0,1
0,0
0,10
0,0
0,0
0,0
0,0
1,0
0,0
0,0
0,0
0,0
0,0
0,0
0,0
0,0
0,0
4,12
0,0
0,0
0,0
0,1
0,0
0,0
0,6
31,19
0,0
0,0
0,0
0,0
0,0
0,3
0,0
0,1
1,0
0,1
0,0
0,0
0,0
0,3
0,0
0,0
0,0
0,0
1,0
0,0
0,0
1,5
0,0
0,0
0,0
0,0
0,0
0,0
0,0
0,4
0,0
0,0
0,0
1,7
0,0
1,0
0,0
0,0
0,0
4,4
0,0
0,0
0,0
0,0
0,0
0,29
0,0
0,0
0,0
0,0
0,0
0,0
0,0
0,0
0,0
0,0
0,0
0,0
0,0
0,0
0,0
0,0
0,0
0,0
0,0
0,2
0,2
0,0
0,0
0,0
1,0
0,0
0,0
0,0
2,12
0,0
0,0
0,0
0,0
0,0
0,1
0,4
0,0
0,0
1,1
0,0
0,0
0,4
0,0
0,0
0,0
0,0
0,2
0,0
0,0
0,0
0,0
0,0
0,0
0,0
0,0
0,0
0,0
0,0
0,0
0,0
0,0
0,0
0,0
0,0
0,0
0,0
0,0
0,0
0,0
0,0
0,0
0,0
0,0
0,0
0,0
0,0
0,0
0,0
0,0
1,13
0,0
0,0
0,0
0,0
0,0
0,0
0,0
0,0
0,0
0,0
0,0
0,0
0,0
0,0
1,0
1,0
0,3
19,36
0,0
1,11
47,0
0,0
1,0
0,0
0,0
0,0
0,0
0,0
0,0
0,2
2,0
0,0
0,0
0,0
0,0
0,0
0,1
0,0
0,0
0,0
1,0
0,1
0,0
0,0
0,0
0,0
0,1
0,0
0,0
0,0
0,0
0,0
0,0
1,1
0,1
0,0
0,0
0,0
0,1
1,0
0,0
0,0
0,0
0,0
0,0
8,22
0,0
0,0
0,0
0,0
0,2
0,0
1,2
0,0
0,0
0,0
0,0
25,76
1,2
0,0
0,0
0,0
0,0
0,0
0,0
0,0
0,0
0,0
1,0
1,0
1,0
2,7
0,0
1,0
0,0
0,0
0,1
11,75
0,0
0,0
0,3
0,0
0,0
0,0
0,0
0,0
0,1
0,0
0,0
0,12
0,0
0,0
0,0
0,0
0,0
0,1
0,0
0,0
0,0
1,0
0,0
0,0
0,0
0,0
5,12
241,81
59,15
0,1
0,0
0,2
0,0
0,0
0,0
1,0
0,0
0,0
0,0
0,1
0,0
0,1
2,0
0,1
0,0
0,0
1,0
1,0
3,0
3,0
0,0
0,0
0,2
0,0
0,0
0,0
0,0
0,0
0,0
0,3
0,0
0,0
0,4
0,0
0,0
0,0
0,0
0,0
1,0
0,0
0,1
0,0
0,0
0,0
0,0
0,0
0,0
0,0
0,0
0,0
0,0
0,0
0,0
0,0
0,0
1,0
0,0
0,0
0,0
0,0
0,0
0,0
0,0
0,0
0,0
0,0
0,0
0,0
0,0
0,0
0,0
0,0
0,0
0,0
0,0
0,0
0,0
0,0
0,0
1,0
0,0
0,0
0,0
0,0
0,0
0,0
0,0
0,0
0,0
0,0
0,0
0,0
0,0
0,4
0,0
0,0
0,0
0,0
0,0
0,0
0,0
0,0
0,0
4,10
2,34
0,0
0,0
0,0
0,0
0,0
0,0
0,0
0,0
0,0
0,0
0,0
0,0
0,0
0,0
0,0
0,0
0,0
0,0
0,0
1,0
0,0
0,0
0,0
0,2
0,0
0,0
0,0
0,0
1,0
0,0
0,0
0,0
0,0
1,0
1,0
0,0
0,0
1,16
0,0
0,0
0,0
0,0
0,0
0,0
0,0
0,0
0,0
0,2
0,0
0,0
0,0
0,0
0,0
0,0
0,0
0,0
0,0
0,0
0,0
0,0
1,2
0,0
0,0
0,0
0,0
0,0
0,0
0,0
0,0
0,0
0,0
0,0
0,0
1,0
0,0
0,0
0,0
0,0
0,0
0,0
1,2
0,0
0,0
0,5
0,1
0,0
0,0
23,0
0,1
0,0
0,0
0,0
0,0
0,0
0,0
0,0
0,0
0,0
0,0
0,0
0,0
0,0
0,0
0,0
0,0
1,1
1,0
1,0
0,0
0,0
0,0
0,3
0,0
0,0
0,0
0,2
0,0
0,0
0,0
0,0
0,0
4,30
0,0
0,0
0,0
0,0
0,0
0,0
0,0
0,0
0,0
0,0
0,0
0,0
0,0
0,0
0,0
0,0
0,0
0,0
0,0
0,0
0,0
0,0
0,0
1,6
0,3
0,0
0,0
2,10
0,0
0,0
0,0
0,0
0,0
0,0
0,0
0,0
0,4
0,0
0,0
0,0
0,0
0,0
0,0
0,0
0,0
0,0
25,0
0,0
0,0
0,0
1,0
0,0
0,0
0,0
0,0
0,0
0,0
0,3
0,0
0,1
1,3
0,2
0,0
26,0
0,0
0,6
0,0
1,0
1,0
0,0
5,0
0,0
0,0
0,0
0,0
0,0
0,0
0,0
0,0
0,0
0,0
0,0
0,0
0,0
1,0
0,0
3,0
0,0
1,7
0,0
0,0
0,0
0,0
0,1
0,0
0,0
0,0
0,0
0,0
0,0
0,0
0,0
0,1
0,6
0,0
0,0
0,0
0,0
0,0
0,0
0,0
0,0
0,0
0,0
0,0
0,0
3,0
0,0
0,0
0,0
1,0
0,0
0,4
0,0
0,0
0,0
0,0
0,0
0,32
0,0
1,14
0,0
0,0
0,0
1,1
1,0
0,0
0,0
0,0
0,3
0,0
0,0
0,0
0,1
0,3
0,0
0,0
0,0
0,1
1,0
0,0
0,0
0,0
0,0
0,0
0,0
0,0
0,0
0,0
0,0
0,0
0,1
0,0
0,0
1,0
0,0
1,4
0,0
0,0
1,13
0,0
0,0
0,0
0,0
0,0
0,0
0,0
0,0
0,0
0,0
0,0
0,0
0,0
0,0
0,0
0,0
0,0
0,0
2,0
0,0
0,0
0,0
0,0
2,0
0,9
0,0
1,0
0,0
0,1
0,2
0,0
0,0
0,0
0,0
0,0
0,0
0,0
11,0
0,0
0,0
0,1
0,0
0,0
0,0
0,0
0,0
0,0
0,0
0,0
0,0
0,0
0,0
1,0
0,0
0,0
0,0
0,0
0,0
0,0
0,0
0,0
0,0
0,0
0,0
0,0
0,0
0,0
0,0
0,0
0,0
0,1
0,0
0,0
0,0
0,0
0,0
0,0
0,0
0,0
0,0
0,0
0,0
0,0
0,0
0,0
0,0
0,0
0,0
0,0
0,0
0,0
0,0
0,0
0,0
0,0
0,0
0,3
0,0
0,0
0,0
0,0
0,0
0,0
0,0
0,1
1,0
1,0
0,0
0,0
0,0
0,0
0,1
0,1
0,1
0,3
0,1
0,0
0,0
0,0
0,0
0,0
0,0
0,0
0,0
0,0
1,0
0,0
0,0
1,0
0,0
0,0
0,0
1,0
1,0
6,11
0,0
0,0
0,0
0,0
0,0
0,0
1,0
2,0
0,0
0,0
0,0
1,0
0,0
0,0
0,0
0,0
0,0
0,0
0,0
1,0
0,0
0,0
0,0
0,0
0,0
0,0
0,0
0,0
0,0
0,0
1,0
0,0
0,0
0,0
1,0
0,0
0,0
0,0
0,0
0,0
0,1
0,0
0,0
0,0
1,0
0,0
0,0
0,0
0,0
0,0
0,0
0,0
0,0
0,0
0,0
0,0
0,0
0,0
0,0
0,0
0,0
0,0
0,0
0,0
0,0
0,0
1,0
0,0
0,0
1,0
0,0
1,0
0,0
0,0
0,0
0,1
1,0
0,0
0,0
0,0
0,1
0,0
0,0
0,0
1,0
5,53
0,0
0,0
0,0
0,0
0,0
1,1
1,0
0,1
0,0
0,0
0,0
0,0
0,0
0,0
0,0
0,0
0,0
2,1
0,0
0,1
0,0
0,0
0,0
0,0
0,0
0,0
0,0
0,15
0,0
0,15
0,0
0,0
0,0
4,0
0,0
0,0
0,0
0,0
0,0
0,0
4,20
32,18
0,0
0,0
0,0
1,0
0,0
0,1
0,0
0,0
0,0
1,0
0,0
0,0
0,0
0,0
0,0
0,0
0,0
0,0
0,0
0,0
0,0
0,1
0,0
0,0
0,0
0,0
1,0
0,0
0,1
0,1
0,0
0,0
0,0
0,0
0,0
0,1
0,0
0,0
0,0
2,0
0,0
0,0
0,0
0,0
0,0
0,0
0,0
0,0
0,0
0,0
0,0
0,0
0,0
0,0
0,0
0,0
0,0
0,0
2,0
0,0
0,0
0,0
18,16
0,1
3,0
0,0
0,0
11,27
0,0
0,0
0,2
0,0
0,0
0,0
0,0
31,76
0,1
0,0
0,0
1,0
0,0
0,3
0,1
0,0
0,0
0,0
0,0
0,4
0,0
0,0
0,0
0,0
0,0
0,0
0,0
0,0
0,0
0,0
0,0
0,0
0,0
0,0
4,8
0,0
0,0
0,0
0,0
0,0
0,1
0,0
0,0
0,0
0,0
0,3
0,0
0,0
0,2
0,0
0,0
0,0
0,0
0,0
0,5
0,0
0,0
0,0
0,0
0,0
0,2
2,1
0,0
2,0
0,0
0,0
0,0
1,0
0,0
0,0
88,0
0,0
0,0
0,0
0,0
0,0
0,0
0,0
2,0
0,2
0,0
0,0
2,0
0,0
0,0
0,0
0,0
0,0
0,0
0,0
0,0
0,0
0,0
0,0
1,1
0,0
0,0
0,0
0,0
0,0
0,2
0,0
0,0
0,0
0,0
0,7
0,7
0,0
4,23
0,0
0,0
1,1
0,11
0,1
0,0
0,0
0,0
0,0
0,0
1,1
0,0
0,0
0,0
0,2
0,2
0,2
0,4
1,54
0,0
0,0
0,0
0,0
0,0
0,0
1,0
0,13
0,0
0,2
0,0
0,0
4,0
0,2
0,1
0,0
0,0
0,0
1,0
0,0
0,3
0,20
0,0
0,0
0,0
0,0
0,0
0,0
0,0
0,0
0,0
0,0
0,1
0,0
0,0
0,0
0,0
0,0
0,0
0,0
1,0
0,0
1,0
0,1
2,7
0,0
0,0
0,13
0,1
0,0
0,0
0,0
0,0
0,0
0,0
0,0
0,0
0,0
0,0
1,2
2,32
0,0
0,0
0,0
0,0
0,0
0,0
0,0
0,1
0,2
0,0
0,0
0,0
2,0
0,0
0,0
0,0
0,0
0,0
0,0
0,0
0,0
0,0
0,0
0,0
0,0
0,0
2,6
0,0
0,0
0,0
0,0
4,0
1,0
13,72
0,0
0,0
0,4
0,0
0,2
0,0
0,0
0,0
0,0
0,3
0,1
0,0
0,0
0,2
0,0
0,0
0,0
0,0
0,0
0,0
0,1
2,0
0,0
0,0
0,0
0,0
0,0
0,0
0,0
0,0
0,1
0,0
0,1
0,0
0,0
0,0
0,0
0,0
0,0
0,0
0,0
0,0
0,1
0,0
0,0
0,0
3,14
0,0
3,0
0,0
0,0
0,0
1,20
0,0
0,0
0,0
2,0
0,0
0,0
0,0
1,0
0,0
2,0
0,0
0,0
0,0
0,1
0,0
0,0
0,0
0,0
0,8
0,0
1,0
0,0
0,0
0,0
0,0
1,0
0,0
0,0
0,0
0,0
6,40
3,1
0,0
1,0
0,1
0,0
0,0
0,0
0,0
2,1
1,6
0,0
0,0
0,0
0,0
0,0
0,0
0,0
0,0
0,2
0,0
0,0
0,0
0,0
0,0
0,0
0,0
82,0
0,0
0,8
0,0
0,0
0,0
0,0
0,0
0,0
0,5
0,0
0,0
0,0
0,0
0,0
0,0
0,0
0,1
3,0
1,0
0,0
3,6
0,0
1,0
0,0
0,0
0,0
0,0
0,0
1,0
0,2
0,0
0,0
0,0
0,0
0,0
0,0
0,0
0,0
0,0
0,0
0,0
0,0
0,0
0,0
0,0
0,0
0,0
0,4
0,0
0,3
0,0
2,0
0,0
0,0
1,0
0,0
0,0
1,0
0,1
0,0
0,0
0,0
0,0
0,0
1,0
0,0
0,0
2,0
1,1
0,0
0,0
1,0
0,0
1,0
0,0
0,0
3,0
0,0
0,0
0,1
0,0
2,4
0,0
0,0
0,0
0,4
2,0
0,0
0,0
0,0
0,0
0,0
0,0
0,0
0,0
0,0
0,0
0,0
1,29
1,0
0,0
0,0
1,0
0,0
0,0
0,0
0,0
0,0
0,0
1,0
0,3
0,0
0,0
0,0
0,0
0,0
0,0
0,0
0,0
1,1
0,0
0,0
0,0
0,0
0,0
0,0
0,0
0,0
10,22
4,0
0,0
2,9
0,0
0,0
0,0
0,0
1,0
0,2
0,0
0,0
0,0
3,0
0,0
0,0
0,0
0,0
0,0
25,8
1,5
0,0
0,0
4,3
0,0
0,0
0,0
0,0
0,0
1,0
1,0
0,0
0,0
0,0
0,11
2,0
0,0
0,0
2,2
0,0
0,0
0,0
0,0
0,0
0,0
1,0
0,0
0,6
0,2
1,3
0,0
0,0
0,0
0,0
0,0
0,2
0,0
0,0
8,59
1,0
0,0
0,0
0,0
0,0
0,0
1,0
0,0
0,0
0,7
0,1
0,1
0,1
1,7
3,0
0,1
0,3
0,0
0,0
1,0
0,0
0,0
0,0
0,0
1,3
0,0
0,0
0,0
0,0
0,0
0,0
0,0
0,0
0,0
0,0
1,0
0,0
0,0
0,0
2,1
0,0
0,0
0,0
0,0
0,0
0,0
0,0
0,0
0,0
4,34
0,0
0,1
0,0
0,0
0,0
0,0
0,0
73,0
0,0
0,0
0,1
0,0
1,0
0,1
0,0
0,0
0,0
0,0
0,0
1,0
0,0
0,0
0,0
0,0
1,0
0,0
0,0
0,0
0,0
0,4
0,2
1,0
0,1
0,0
0,0
0,0
0,0
0,0
0,0
0,0
0,0
0,0
0,0
0,0
0,0
0,0
0,0
0,0
4,5
0,0
0,1
0,18
1,0
0,1
0,1
40,300
0,0
0,0
0,0
1,0
0,0
2,0
0,1
0,0
1,0
0,0
0,1
1,0
0,0
0,0
2,2
1,4
0,0
0,0
0,0
0,0
7,0
0,0
0,0
0,0
0,0
0,0
0,9
0,0
1,0
0,0
0,0
0,0
0,0
0,0
0,9
0,0
1,0
1,0
0,0
0,0
0,0
1,0
0,0
0,0
0,1
0,28
0,0
0,0
2,0
0,0
0,2
0,1
0,0
0,0
2,0
0,0
0,0
0,0
0,0
0,1
5,42
0,0
0,0
1,0
0,1
0,0
0,0
0,0
0,1
0,0
0,0
0,0
0,0
0,0
0,0
1,0
0,0
1,22
0,1
0,0
0,2
0,0
0,0
0,0
0,0
0,0
0,0
0,5
0,0
0,0
0,28
0,0
0,0
0,0
0,0
0,0
11,76
2,0
0,0
0,0
0,0
0,8
0,6
0,0
0,0
0,0
0,0
0,0
0,0
0,0
0,0
0,0
0,0
0,3
0,0
0,0
0,0
0,0
0,0
1,1
0,5
0,0
0,0
0,0
0,0
0,1
0,0
2,0
0,0
0,0
0,0
0,0
0,0
0,0
0,0
0,0
0,0
0,0
0,0
1,0
2,2
0,2
0,1
0,0
0,0
0,0
0,0
0,0
0,0
0,0
0,0
0,0
0,0
0,0
0,0
0,0
0,0
0,3
1,0
0,0
0,0
0,0
0,0
0,0
0,0
0,0
1,0
0,0
0,0
0,0
0,0
1,4
1,1
0,0
0,0
1,0
0,1
1,8
0,0
0,0
0,0
0,0
0,0
0,0
0,0
0,0
0,0
0,0
0,0
0,0
0,1
1,1
0,0
0,0
0,0
0,0
2,1
0,0
0,0
0,0
1,0
0,6
0,0
100,0
0,0
0,0
1,0
0,1
2,0
0,0
0,0
0,0
0,0
0,0
1,1
0,0
0,0
0,0
0,0
1,0
0,0
0,0
0,0
0,0
0,0
0,0
0,1
1,0
0,2
0,0
2,0
0,0
0,0
0,0
0,0
1,0
0,0
0,3
0,0
0,0
0,0
0,0
0,0
0,0
0,0
0,0
0,3
0,0
0,0
3,0
0,0
0,5
0,0
0,0
0,0
0,0
0,3
0,0
0,0
0,0
0,1
3,7
0,0
2,35
0,0
0,0
0,0
0,0
0,0
1,0
1,1
0,0
0,0
0,0
0,0
0,0
0,0
0,0
0,0
0,4
0,0
0,0
43,72
0,0
0,0
0,0
0,18
1,4
0,0
0,0
0,0
0,0
0,0
0,0
0,0
0,0
1,0
0,0
0,0
0,0
0,0
0,1
0,0
0,0
0,0
1,1
3,0
1,5
0,0
0,0
4,0
0,0
0,0
5,20
3,0
0,0
0,0
1,0
0,0
1,0
0,0
0,0
0,0
0,0
0,0
2,0
2,47
0,0
1,1
0,0
0,0
0,0
1,0
0,0
2,1
0,0
0,0
0,1
0,2
0,0
1,8
0,0
0,2
0,0
2,0
0,49
0,0
4,0
0,0
0,0
0,0
0,0
1,0
0,0
0,0
1,9
0,0
0,0
0,0
0,0
0,0
0,0
0,0
0,1
0,0
1,0
0,0
0,3
0,1
0,0
0,0
0,0
0,0
0,1
0,0
0,0
0,0
0,0
0,0
0,0
0,0
0,0
1,0
0,0
0,0
0,0
0,0
1,1
0,3
1,0
0,0
0,0
0,0
0,0
0,0
0,0
0,0
0,0
0,4
1,0
0,0
0,0
0,0
0,0
0,0
1,2
10,0
1,2
0,0
0,0
0,0
0,0
0,0
4,30
1,0
0,0
0,0
0,0
0,0
0,2
0,0
0,0
0,0
0,0
0,0
0,0
0,0
0,0
0,0
0,0
5,0
0,0
1,0
0,0
0,22
0,0
0,0
0,0
2,0
0,0
1,0
1,0
0,0
0,0
0,0
0,0
0,0
1,0
0,2
0,0
1,0
1,0
1,5
0,0
0,1
1,0
0,21
10,18
0,1
0,0
2,34
0,0
0,0
0,0
0,7
1,5
1,0
0,0
0,0
0,0
0,0
0,1
0,6
0,0
0,0
0,12
0,0
0,0
0,0
0,0
2,0
1,0
1,0
0,0
1,0
0,0
0,0
0,0
0,10
0,0
0,0
0,13
0,2
0,0
0,0
0,0
0,0
1,0
1,36
1,1
0,0
0,0
0,0
0,12
0,0
0,0
1,6
1,0
1,4
0,0
0,0
4,4
0,6
0,0
0,0
0,0
0,0
1,1
0,1
2,32
0,0
2,0
0,0
0,0
0,0
3,13
2,0
1,0
0,0
0,0
0,0
1,0
1,0
0,3
0,0
0,0
0,0
0,0
1,0
2,0
0,2
0,0
0,2
0,0
0,0
0,0
0,3
0,0
0,0
0,0
0,0
0,2
0,2
3,1
0,0
0,0
0,0
0,0
0,0
0,0
0,0
0,0
0,0
6,0
0,1
0,0
0,0
2,1
1,0
0,1
0,1
0,0
1,38
0,0
0,1
1,0
2,0
0,0
0,6
0,0
0,1
0,0
0,0
0,0
1,0
1,0
0,0
0,0
0,0
1,0
1,4
1,0
0,12
0,0
0,2
0,2
0,0
0,13
158,560
0,0
0,0
0,0
0,0
0,0
1,0
0,0
0,0
0,0
0,2
0,0
1,0
0,2
0,9
0,9
0,8
4,0
0,0
0,0
4,0
0,0
0,0
1,0
1,0
0,12
0,0
0,6
0,0
0,0
0,0
1,0
0,0
0,0
0,0
0,0
0,0
1,8
0,0
0,0
0,0
39,2
1,0
0,0
1,0
0,0
0,0
0,0
0,0
0,0
0,0
0,0
2,7
0,0
1,0
0,0
0,0
0,0
2,12
0,0
36,0
0,1
0,0
0,0
1,0
0,0
0,0
0,0
0,0
3,4
0,0
1,0
0,0
2,4
0,2
0,1
0,0
2,0
1,0
0,0
0,0
0,0
0,3
1,0
0,0
0,0
0,5
0,0
0,0
0,0
0,0
0,0
1,0
1,0
0,0
0,0
0,0
0,0
0,4
1,0
1,0
0,0
0,0
0,0
0,0
0,0
0,0
0,0
1,0
0,0
0,0
0,0
1,1
0,0
1,0
0,7
0,0
0,0
1,0
0,1
0,0
0,1
0,0
0,0
0,0
0,0
1,3
1,0
0,2
0,0
0,0
2,4
1,0
0,0
0,0
1,0
1,0
0,0
1,17
2,2
0,0
1,0
1,0
2,2
0,0
0,0
0,0
0,0
0,0
0,0
0,0
0,2
0,3
0,0
0,0
1,0
0,0
0,0
1,0
0,2
0,0
3,0
1,0
0,1
0,0
0,0
0,0
0,0
0,0
0,0
0,0
4,12
0,0
0,7
0,0
0,0
0,0
0,12
3,0
0,1
0,0
0,20
0,0
0,2
0,14
0,0
0,0
0,0
0,0
0,4
0,0
0,0
0,0
0,3
0,2
1,0
0,0
0,0
0,0
0,0
0,0
2,10
2,1
0,1
1,0
0,0
0,0
0,0
1,0
0,0
0,0
1,0
0,0
0,0
0,0
0,0
0,0
0,0
0,0
2,0
1,1
2,0
0,0
0,0
0,0
0,2
0,0
0,0
0,5
0,2
1,0
15,85
0,0
0,1
0,0
3,0
0,1
0,0
1,0
0,1
0,0
0,0
0,2
0,0
0,0
2,0
0,1
0,1
0,0
0,0
0,1
0,0
0,0
3,0
0,0
0,1
0,0
0,0
0,0
0,0
0,0
0,8
0,0
0,0
0,0
0,4
2,0
0,0
1,0
2,0
0,0
1,0
1,0
0,0
0,0
0,0
0,0
0,1
0,0
0,0
0,5
0,0
0,0
0,0
0,0
0,0
0,4
0,0
0,0
0,0
0,0
0,3
0,0
0,1
0,0
0,0
0,0
0,0
0,0
0,0
0,0
0,0
0,0
0,0
0,0
0,0
0,0
0,0
0,0
1,0
0,0
0,0
0,0
0,0
0,0
0,0
0,3
0,0
0,0
0,0
0,0
0,0
0,0
0,7
0,0
0,1
0,1
0,0
1,0
0,0
0,0
0,1
1,0
0,0
0,0
0,0
0,0
0,0
0,0
1,0
0,0
0,0
0,0
0,0
0,0
1,0
0,0
0,0
0,0
0,2
0,0
1,0
0,0
0,5
0,20
0,0
1,0
0,4
0,0
2,70
0,2
2,0
0,1
1,0
0,0
0,0
0,0
0,0
0,0
0,3
0,0
1,1
1,1
0,0
0,0
0,3
0,0
0,2
0,0
0,0
0,1
0,0
0,1
0,0
0,0
0,0
0,0
0,0
0,0
0,0
0,0
0,0
1,2
2,23
0,18
0,20
0,0
0,0
0,0
0,0
0,0
0,0
0,0
0,0
0,0
0,0
0,0
0,0
1,0
0,0
0,0
0,0
0,0
0,0
0,0
0,0
0,0
0,0
0,0
0,0
0,0
1,28
0,0
0,2
0,2
0,0
1,1
0,0
29,108
4,8
2,2
4,36
0,0
0,0
0,2
0,0
0,5
1,0
1,2
0,0
1,3
0,0
0,0
15,40
0,0
0,0
83,300
0,1
0,0
0,0
1,0
0,3
0,0
0,1
0,0
0,5
1,0
0,2
1,0
0,0
0,2
1,1
0,0
4,95
2,0
0,0
0,0
0,0
0,0
0,0
0,0
0,0
0,0
0,0
0,3
0,0
0,0
0,0
0,3
0,0
0,0
0,0
0,3
0,1
0,0
0,0
0,1
0,0
0,0
0,0
0,0
0,0
0,0
0,0
0,0
0,0
0,0
0,0
1,0
0,2
2,0
0,0
0,0
0,0
0,0
0,0
1,0
0,0
64,135
0,2
0,1
0,0
0,0
1,0
0,0
1,4
0,0
0,0
0,0
1,0
0,0
2,1
0,6
61,100
0,0
0,0
0,0
0,0
0,0
0,0
0,0
0,0
0,0
0,0
1,0
0,0
0,0
0,0
0,0
0,0
1,0
0,0
1,25
0,0
0,0
0,0
0,0
0,0
1,0
0,0
0,0
0,0
0,0
0,0
0,1
0,0
0,0
0,0
0,0
0,0
1,0
0,0
0,0
0,0
0,0
0,0
0,0
0,0
0,0
1,0
0,0
0,0
0,0
0,0
0,0
0,0
0,0
4,0
0,0
0,0
0,0
1,0
2,3
0,0
0,0
0,0
0,13
0,0
1,15
0,0
0,0
0,0
0,0
1,3
1,1
0,0
0,0
1,0
1,0
0,0
0,0
0,0
0,0
2,16
5,27
0,0
0,0
0,0
0,0
0,0
0,0
0,0
0,0
0,0
1,0
1,0
0,0
0,0
0,0
0,1
0,1
2,175
0,0
0,0
0,0
0,0
0,0
1,0
2,0
0,0
0,0
0,1
0,0
0,0
0,0
1,63
0,0
0,0
0,0
0,0
1,0
0,1
0,0
0,0
0,0
0,0
0,0
0,0
0,0
0,0
0,0
0,0
0,0
0,0
1,0
0,16
0,0
0,0
0,20
0,0
0,0
0,0
0,0
0,0
0,0
0,0
14,22
0,0
0,0
0,0
0,0
0,0
0,0
0,0
0,0
0,0
0,0
0,0
0,0
0,0
0,0
0,0
0,0
0,0
0,0
0,0
0,0
0,1
1,0
0,0
0,0
2,0
0,0
0,0
0,0
0,0
0,0
0,0
0,0
0,0
0,0
0,0
0,1
0,0
2,0
1,0
1,1
0,0
0,0
0,0
0,0
0,0
0,0
0,2
0,0
0,0
0,0
0,1
0,2
0,0
0,0
0,0
0,0
0,0
0,0
0,0
0,0
0,1
0,0
0,0
0,0
0,0
0,1
0,0
0,0
0,1
0,16
0,0
1,1
6,0
0,2
0,3
0,0
0,0
0,0
0,0
0,1
0,0
0,7
1,0
0,0
0,0
0,0
0,0
0,0
0,1
0,2
0,0
0,10
0,0
0,0
9,78
0,0
0,0
0,0
6,22
0,6
0,1
0,0
1,14
0,0
0,0
0,0
0,0
0,0
0,0
0,0
2,0
0,0
0,0
0,0
0,0
0,0
0,0
1,3
0,8
0,0
0,0
1,0
2,0
0,0
0,1
1,0
0,0
0,0
0,0
1,1
0,1
0,48
0,0
0,4
0,0
0,0
0,1
1,0
0,0
0,0
0,0
0,0
0,0
0,2
0,0
0,0
0,0
1,1
0,0
0,0
0,0
0,0
0,0
0,0
1,0
6,11
1,34
0,0
0,0
0,0
0,10
0,0
0,0
0,0
0,0
0,1
0,0
0,0
1,0
0,0
0,0
0,0
0,0
0,0
1,0
0,0
0,0
0,0
0,0
0,3
0,5
0,0
3,0
0,0
0,0
1,0
0,0
0,0
0,0
0,0
0,0
0,0
0,0
3,1
1,17
0,0
0,0
0,2
1,0
0,0
0,1
0,0
0,1
0,0
0,0
0,0
0,0
0,0
0,2
0,0
0,0
0,0
0,0
0,1
0,1
0,0
45,15
0,1
2,0
0,0
0,0
0,1
0,0
0,0
0,0
0,0
20,136
0,2
0,0
0,0
0,0
0,0
0,0
3,0
0,0
0,0
0,0
0,0
0,0
0,0
0,0
0,0
0,0
0,0
0,0
0,0
0,0
0,0
0,0
0,0
1,4
0,0
0,0
0,0
0,0
0,1
0,0
0,0
0,0
2,2
0,1
0,0
0,1
0,0
0,5
1,9
1,9
0,0
0,0
0,0
0,0
1,0
1,0
0,0
0,0
0,0
0,0
1,0
0,0
1,2
0,0
0,0
0,0
0,0
1,0
0,0
0,0
1,0
0,4
0,2
0,0
0,0
0,0
0,0
60,100
0,0
0,0
0,0
0,0
0,0
0,0
1,0
7,56
0,0
3,2
0,0
0,0
0,0
0,0
0,0
0,0
0,0
0,0
0,0
0,0
0,0
0,0
0,0
0,0
0,0
0,0
0,0
2,2
1,0
0,0
0,0
0,0
0,0
0,0
0,0
0,0
1,0
2,0
0,0
0,0
60,26
0,37
0,0
1,0
1,0
0,0
0,0
0,1
0,1
0,0
0,0
0,0
0,0
0,0
0,2
0,0
0,2
0,0
100,1100
0,7
0,12
1,0
0,4
2,0
0,0
0,0
0,0
1,0
1,0
0,0
0,0
0,0
0,0
0,1
1,0
0,0
0,0
0,0
0,0
0,0
0,2
0,2
2,3
1,0
0,0
0,1
0,0
2,5
1,1
3,0
0,0
2,27
0,0
0,0
0,2
7,0
0,0
0,0
0,0
0,0
0,0
0,0
5,0
0,0
0,1
0,0
0,0
0,0
2,0
0,0
0,0
0,0
0,0
0,0
0,0
0,0
0,0
0,0
0,0
0,0
0,0
0,0
0,0
0,0
2,2
0,0
0,0
0,0
0,0
1,0
0,0
2,0
0,0
0,0
0,0
0,0
0,0
0,1
0,0
1,2
2,0
0,0
0,0
2,23
0,3
0,0
0,0
0,0
0,0
0,0
0,0
0,0
0,0
0,0
0,0
0,0
0,0
0,2
0,0
0,0
0,1
1,5
1,0
0,0
0,0
1,26
0,2
21,48
0,10
0,1
0,0
0,0
0,0
0,0
0,0
0,0
0,0
0,0
0,0
0,0
0,0
0,0
39,0
0,0
0,0
0,0
0,0
0,0
1,1
0,0
0,0
0,0
0,0
0,0
2,0
0,0
0,0
0,30
0,0
0,0
0,0
0,0
0,0
0,0
0,0
0,0
0,0
0,0
0,0
0,0
6,43
6,52
1,0
0,0
0,10
0,0
0,0
15,30
4,12
0,1
0,0
0,1
0,0
0,2
0,0
1,0
1,1
0,0
2,0
0,0
0,0
1,2
0,0
0,1
0,0
0,0
0,0
0,0
1,0
0,1
1,1
0,0
0,0
0,0
0,0
3,7
0,0
1,0
0,0
2,0
1,0
2,0
0,0
0,0
1,0
1,0
0,0
1,0
0,1
0,0
0,0
0,0
0,0
1,0
0,21
0,0
0,0
3,9
0,0
0,25
0,23
0,0
0,3
0,0
5,0
1,0
0,2
0,0
0,5
0,1
0,0
0,0
0,0
0,0
0,0
0,0
0,0
0,0
0,0
0,0
0,0
0,0
0,0
0,0
1,0
0,48
0,1
0,0
0,0
0,0
0,0
6,0
1,2
3,4
0,22
0,0
0,1
0,1
0,0
0,0
1,0
1,1
1,0
0,13
0,0
0,1
0,0
0,0
0,0
0,0
0,0
0,4
3,2
0,0
0,0
0,0
0,0
0,0
2,11
0,0
0,0
1,0
5,27
2,0
0,0
0,0
0,0
0,0
0,1
0,0
0,0
1,1
0,0
0,0
0,0
0,0
1,0
1,5
0,0
0,0
1,0
0,2
1,0
0,0
0,0
0,0
0,0
2,0
1,0
0,0
0,0
0,0
0,0
0,0
0,0
0,0
0,1
10,0
0,0
0,0
0,0
0,2
0,0
0,0
0,0
0,0
0,0
0,0
0,0
0,0
0,0
0,0
0,0
0,0
0,0
0,0
1,0
0,0
0,0
0,0
0,0
0,0
0,0
0,0
0,1
0,0
3,29
0,0
0,0
0,0
0,0
0,0
0,1
0,1
0,0
1,1
0,1
0,0
0,0
23,70
0,0
1,0
0,0
0,0
0,0
1,0
1,0
1,0
0,0
0,0
0,0
0,3
0,0
0,1
5,0
2,16
0,0
0,0
0,0
0,0
0,0
0,0
0,0
0,0
0,0
0,0
0,0
1,0
1,1
1,10
0,0
1,0
0,0
0,0
1,0
0,1
0,2
0,0
2,3
0,0
0,0
0,0
0,0
0,0
0,0
0,0
0,0
1,0
0,0
0,0
1,2
0,0
0,0
0,0
0,0
0,0
0,0
0,6
1,0
0,0
0,0
0,0
0,0
0,3
0,0
0,0
0,0
1,0
1,0
0,0
0,0
1,0
0,3
0,0
0,0
0,0
0,0
0,0
0,0
0,0
0,0
0,0
0,0
0,0
2,0
1,0
2,0
2,0
0,1
0,0
0,0
1,0
0,0
0,2
0,0
0,1
0,1
1,0
0,78
0,0
0,10
0,14
1,0
0,0
0,0
0,0
0,0
0,0
0,0
1,0
0,0
1,14
3,0
0,0
0,0
0,1
0,0
1,0
0,0
2,0
0,0
80,200
0,0
0,0
12,14
0,0
0,0
0,0
0,0
0,0
0,0
0,0
0,0
1,1
1,0
0,0
0,0
0,0
0,0
0,0
0,0
0,0
0,0
0,0
0,0
0,0
1,0
0,0
0,0
0,0
0,0
0,0
0,0
0,0
0,0
0,0
1,0
0,0
1,0
0,0
1,0
0,0
1,0
0,0
0,0
0,0
0,0
1,3
0,18
2,0
0,0
0,0
0,0
1,0
0,0
0,0
0,5
0,1
1,2
0,0
0,0
2,2
1,0
18,82
0,0
0,0
0,0
0,0
0,2
1,0
0,0
0,0
0,0
1,0
0,1
0,2
0,0
0,0
0,0
0,1
0,0
0,0
0,1
0,1
0,1
0,0
0,0
0,0
0,0
0,0
0,0
0,0
1,0
0,0
0,0
5,0
0,0
0,0
0,0
1,0
0,0
0,0
0,0
0,0
0,0
1,3
0,0
1,1
0,0
5,12
2,0
0,0
1,0
1,0
0,0
0,0
0,0
0,0
0,0
0,0
0,0
0,0
0,0
0,0
0,0
0,1
0,0
0,0
0,0
1,0
0,0
0,0
0,0
0,0
0,0
0,0
0,0
0,0
0,1
0,0
0,1
0,0
0,0
0,0
0,0
3,42
0,0
13,0
2,4
2,0
329,0
0,1
0,0
0,0
0,0
0,0
1,0
0,0
0,0
0,0
0,15
1,27
0,2
0,0
0,0
0,0
0,0
0,0
0,0
0,0
0,0
0,1
0,5
0,0
0,0
0,0
1,0
0,0
11,89
0,0
0,0
0,0
0,0
0,1
1,4
0,0
1,0
1,20
0,0
0,0
0,22
0,0
0,0
0,1
1,0
0,0
0,0
2,3
0,0
0,2
2,0
0,0
1,1
0,1
0,0
0,0
0,0
0,0
0,13
1,0
2,20
0,1
0,1
0,0
0,0
2,0
0,0
0,0
0,0
0,0
1,0
0,0
0,0
1,0
0,0
1,2
0,0
0,0
0,5
1,0
0,0
0,0
0,0
0,1
1,0
0,0
0,0
0,6
0,0
0,1
0,2
0,0
0,0
0,0
0,0
0,1
0,0
0,18
0,0
1,0
1,0
0,0
0,0
0,0
0,0
0,0
0,0
0,0
0,0
0,0
0,0
0,0
0,12
0,0
0,0
0,0
0,39
0,0
1,0
0,0
1,0
0,0
1,2
0,0
0,0
0,1
4,1
0,0
0,1
0,1
2,2
3,0
0,14
0,7
1,0
0,0
0,0
0,0
1,0
0,0
0,0
0,5
0,0
1,0
0,0
0,0
0,0
0,0
2,0
1,0
1,0
0,0
0,1
2,0
1,0
8,0
0,11
0,0
0,0
0,0
1,0
5,2
0,0
0,0
0,2
0,0
0,0
6,0
0,5
0,1
0,1
2,0
0,2
0,0
0,0
0,0
0,0
1,2
2,0
0,0
0,0
0,0
1,0
0,0
0,0
0,0
0,1
0,0
1,0
0,0
0,0
0,0
0,2
0,0
0,0
0,0
0,0
0,0
0,25
0,0
0,0
0,0
0,0
0,1
0,0
16,99
3,39
0,0
0,0
0,0
0,0
0,0
0,0
0,1
0,0
0,0
0,0
0,1
0,0
0,0
1,0
0,0
0,0
3,2
1,2
0,0
0,0
0,0
0,8
0,0
0,3
0,0
0,9
0,0
0,5
0,0
0,1
0,0
0,6
1,0
5,0
0,0
0,0
0,0
0,0
0,0
0,0
0,0
0,0
0,0
0,0
5,20
1,1
2,1
1,1
1,0
0,0
0,6
0,0
2,0
0,0
0,0
0,0
0,0
60,110
0,0
0,0
0,10
0,0
1,3
1,3
1,0
1,3
2,28
0,0
0,0
0,0
0,0
0,0
0,0
0,0
0,0
0,0
4,17
0,0
0,0
0,0
2,0
0,0
0,0
0,7
4,9
0,0
0,0
0,0
0,0
1,1
3,196
0,0
0,1
0,3
2,0
0,9
12,0
0,0
0,0
0,0
0,0
0,0
0,0
0,0
0,0
0,0
0,0
0,1
0,0
0,0
0,0
0,0
0,0
0,0
0,0
0,3
0,0
0,1
0,0
0,0
0,0
0,0
0,0
0,0
0,0
0,0
0,1
0,0
0,0
0,0
0,1
1,0
0,0
0,0
0,1
0,0
0,0
1,1
1,0
0,0
0,0
0,0
0,0
0,0
0,0
0,0
1,0
21,40
0,0
0,0
0,0
1,0
0,0
0,0
0,0
0,0
0,0
0,0
0,0
0,0
0,0
0,0
0,0
0,1
0,0
0,0
0,0
0,0
0,0
0,0
0,0
0,0
0,6
0,0
0,0
1,5
0,0
0,0
0,0
0,0
0,2
5,30
0,0
1,0
1,0
0,0
0,1
0,2
0,0
0,0
0,0
0,0
10,15
7,40
0,0
0,12
0,1
0,1
0,0
0,0
0,1
0,5
0,0
1,0
0,0
0,0
0,0
1,1
2,9
0,0
10,15
0,0
0,0
0,0
0,0
0,1
0,0
0,0
0,0
1,1
1,1
0,0
0,0
0,0
0,0
0,0
0,0
0,0
0,0
0,3
2,30
0,0
0,0
0,0
0,0
0,0
0,0
1,0
0,0
1,13
0,0
1,2
2,0
0,0
0,0
0,0
0,0
0,0
0,0
0,0
0,0
0,0
0,6
0,21
3,1
0,0
19,127
24,3
0,0
2,17
0,0
0,0
0,0
0,0
0,1
0,42
0,0
1,5
1,2
1,0
5,19
1,0
0,0
1,51
5,60
0,0
0,0
0,0
1,0
0,0
0,1
0,1
1,0
0,0
0,0
0,0
0,0
3,0
0,0
0,0
0,0
0,0
0,0
1,65
1,1
0,0
0,0
0,0
0,0
0,0
0,0
0,4
0,0
0,0
0,2
1,0
0,0
0,0
5,8
0,0
0,0
0,0
0,0
1,0
0,3
0,1
0,1
0,9
0,0
0,0
0,0
0,0
0,0
0,0
0,0
0,0
0,0
0,0
1,0
0,0
8,5
0,0
0,0
0,0
1,0
0,0
0,0
1,0
0,0
0,0
0,0
0,2
0,0
0,0
0,28
0,0
0,0
0,0
0,0
0,0
0,0
0,0
0,0
0,0
0,0
0,0
1,0
69,32
1,1
0,0
0,0
0,1
0,0
0,0
0,0
0,0
0,0
0,0
1,0
1,0
0,0
0,0
0,0
0,0
0,0
0,0
0,0
1,0
0,0
0,0
0,0
0,2
0,0
0,0
0,0
0,0
0,0
0,0
0,0
3,0
0,0
0,0
0,1
0,0
0,6
0,0
0,0
0,0
4,17
0,0
0,0
0,0
0,0
0,0
0,0
0,0
1,0
10,62
0,0
0,17
1,21
1,0
2,0
0,0
0,0
8,0
2,0
0,0
0,0
0,1
0,0
25,150
0,0
11,45
0,0
0,0
0,0
0,4
0,0
0,0
0,0
0,31
0,2
0,5
3,0
0,0
0,15
0,0
0,0
0,0
0,0
1,1
0,0
0,0
1,0
0,2
0,0
0,0
0,14
0,0
0,0
0,0
0,0
0,0
0,0
0,0
0,0
0,0
0,0
0,0
0,1
1,0
0,0
1,9
1,40
0,0
1,1
0,0
0,1
0,0
0,0
2,3
1,2
0,0
0,0
0,0
0,0
0,0
1,2
0,0
0,0
0,1
1,0
0,1
0,0
0,0
0,0
0,0
1,0
0,0
0,0
0,0
1,0
14,31
0,0
0,0
0,0
0,0
0,0
0,0
0,0
0,0
0,0
0,1
0,0
0,0
0,0
0,0
0,0
0,0
0,0
2,1
0,0
0,0
0,0
0,0
0,0
0,0
0,0
0,1
0,0
0,0
0,0
0,0
0,0
3,0
1,19
1,0
0,0
0,0
1,0
0,0
0,0
1,0
0,0
2,0
0,0
0,0
0,0
0,0
0,0
0,0
0,0
0,0
0,4
1,0
0,0
1,1
0,0
1,0
0,0
2,11
0,0
0,0
0,0
3,1
0,2
4,0
0,2
0,0
1,0
0,0
0,0
0,0
0,0
1,1
1,0
0,0
1,1
0,0
0,0
0,0
0,0
0,0
0,11
1,0
0,0
0,0
1,0
3,32
0,0
0,0
0,11
0,5
3,18
7,0
0,1
0,0
0,0
1,0
0,0
0,3
0,0
0,0
0,0
0,0
1,0
0,0
0,3
0,0
0,0
0,0
0,2
0,5
0,1
1,0
1,0
0,0
0,0
0,0
0,0
36,7
0,0
0,0
2,3
1,0
7,0
0,0
0,0
0,0
0,0
0,0
0,0
1,0
0,0
1,0
0,0
0,3
0,2
0,0
2,0
0,0
0,0
3,3
0,0
3,26
0,0
0,1
0,3
0,0
0,1
0,0
1,0
0,0
1,0
0,1
1,1
0,1
0,0
0,0
1,0
0,0
0,0
0,0
0,0
1,1
0,0
0,0
0,1
9,44
0,0
1,4
10,0
0,0
2,3
0,0
0,0
1,3
0,10
0,0
1,0
0,1
0,0
5,0
0,0
0,2
0,0
0,0
0,0
0,0
0,20
0,0
0,0
0,0
0,0
0,0
0,0
0,3
0,0
0,0
0,0
0,2
0,0
0,0
1,0
0,3
0,0
0,0
0,0
0,0
1,2
0,0
1,0
0,0
0,0
0,1
1,0
0,0
0,2
0,0
2,0
0,0
0,0
0,0
0,11
1,2
0,0
0,0
0,0
0,0
0,0
0,0
0,0
0,0
0,0
0,0
1,0
0,0
0,2
0,0
0,0
0,0
1,0
0,0
0,0
0,8
0,0
0,0
1,0
0,0
0,0
0,0
0,0
0,0
0,0
1,0
0,0
0,2
0,0
0,0
0,2
0,0
0,2
0,0
0,0
0,0
0,0
0,0
0,0
0,0
0,0
0,0
0,1
0,0
3,0
72,250
0,0
0,0
0,1
0,1
0,1
0,0
0,22
1,0
1,0
0,0
0,0
0,0
0,0
0,0
0,0
0,0
2,36
0,0
0,1
0,12
1,0
0,0
7,45
1,0
0,11
1,5
0,0
0,0
0,0
0,0
0,0
0,0
0,3
0,0
0,0
1,0
0,0
0,0
0,0
0,0
0,0
0,0
0,1
0,3
0,0
0,10
2,25
0,0
0,0
0,0
0,0
0,0
7,38
5,16
2,0
1,0
0,0
0,0
1,7
0,0
0,0
0,0
0,0
2,0
0,0
1,0
0,0
0,0
0,0
0,0
0,0
1,0
1,0
0,13
0,0
0,18
0,0
0,4
0,8
1,0
1,0
1,0
0,0
0,0
0,0
0,0
0,1
0,0
0,0
0,1
0,0
4,17
0,0
0,0
0,0
0,0
0,0
0,0
0,0
0,0
0,0
0,0
0,0
0,3
2,1
0,0
0,0
0,0
0,0
0,0
0,0
0,0
0,1
0,1
2,2
0,9
0,10
0,0
2,0
5,7
1,19
0,0
4,0
0,0
0,1
0,0
0,0
16,0
0,0
7,8
0,3
2,0
0,20
0,0
115,0
0,0
0,0
0,1
0,0
0,0
0,0
0,2
0,0
0,0
0,0
0,0
0,0
0,0
0,0
0,2
0,0
1,0
1,0
0,0
0,0
0,0
1,4
1,1
2,3
0,0
0,0
0,0
0,0
0,0
1,0
3,1
8,20
0,0
2,8
0,1
10,19
0,0
0,0
0,0
5,0
0,0
0,0
0,0
1,0
0,0
2,1
0,13
0,0
0,0
0,0
1,0
0,0
0,0
3,0
0,0
0,0
0,0
0,0
1,0
0,6
0,0
0,0
0,0
5,11
0,0
2,0
0,0
0,0
1,3
0,0
0,0
0,0
0,0
0,0
0,0
0,0
0,0
2,0
3,0
0,2
6,0
0,0
0,0
0,0
0,0
0,0
0,1
0,3
0,0
0,0
0,0
0,0
0,0
0,13
0,0
0,2
0,0
0,0
0,0
0,0
0,0
0,0
0,0
0,0
0,0
0,1
0,4
0,2
0,0
0,2
0,0
0,0
0,0
1,0
0,0
1,0
0,0
7,15
0,4
2,0
1,0
0,0
0,0
0,0
0,0
2,0
0,0
2,3
29,0
0,0
0,0
0,0
0,0
0,0
5,17
0,0
0,0
0,0
0,0
4,11
1,7
0,0
0,0
0,0
0,0
0,0
0,0
0,0
0,0
0,0
0,0
0,6
0,0
0,0
0,0
1,0
0,0
4,2
0,0
0,1
0,1
0,1
0,0
1,0
1,0
1,2
2,1
0,9
0,0
0,0
0,0
0,0
0,0
0,0
0,0
0,0
0,0
0,0
0,1
0,4
1,14
0,0
3,19
0,0
0,0
7,21
0,0
2,0
0,0
0,1
1,1
0,0
0,0
0,0
0,0
0,0
0,1
1,0
0,0
10,0
0,0
0,0
0,0
2,0
1,1
0,0
0,0
0,2
0,0
0,0
13,4
0,0
1,0
0,1
1,0
0,0
0,0
0,0
0,0
0,0
1,0
0,7
0,0
0,0
0,0
0,0
2,0
11,98
0,9
0,0
0,4
0,0
0,3
0,0
0,0
0,0
0,0
0,0
2,27
1,0
2,1
0,0
0,0
0,0
0,0
0,0
0,0
0,0
0,0
7,0
0,0
30,0
1,0
0,25
2,0
0,0
0,1
0,0
0,0
30,0
3,13
0,5
0,0
0,0
0,0
0,15
1,1
0,0
0,0
10,22
0,0
0,0
0,0
0,1
0,0
0,0
0,0
0,0
0,0
0,0
0,0
0,0
0,3
0,0
0,1
0,0
1,0
0,0
0,8
0,3
1,0
0,0
0,0
0,0
0,0
0,0
0,0
0,0
0,0
0,0
0,0
0,0
0,1
0,0
0,0
1,0
0,0
0,0
0,0
0,2
0,0
0,5
0,4
0,0
0,0
0,0
0,1
0,0
0,0
0,0
5,0
2,9
2,13
1,5
1,0
8,0
0,0
1,0
0,0
0,0
1,12
0,0
270,12
1,0
0,23
0,0
0,1
0,0
0,0
1,0
0,0
1,0
0,0
0,0
0,1
1,5
0,0
0,0
0,0
3,0
1,1
0,1
0,0
0,2
0,0
0,0
0,0
0,0
0,1
0,0
0,0
0,0
0,0
0,0
3,5
0,0
0,0
0,0
1,0
0,0
0,0
0,0
0,0
2,0
2,0
0,0
0,5
0,0
0,0
1,0
0,8
0,0
1,0
1,0
3,0
0,0
0,1
0,2
0,0
0,0
0,0
0,0
0,0
1,3
0,0
0,0
0,0
0,7
0,0
3,0
0,1
0,0
0,0
0,5
1,0
0,0
3,0
0,0
0,0
0,0
0,2
0,0
0,17
3,0
0,6
6,100
0,2
0,0
0,0
0,0
0,0
0,0
0,2
0,2
1,8
0,1
0,2
0,0
0,0
0,0
1,0
1,0
0,0
1,0
0,5
0,0
0,0
0,0
0,0
0,0
0,0
0,0
1,0
0,0
0,6
0,0
0,0
0,0
0,1
0,0
0,0
12,120
1,1
0,0
0,0
3,0
0,0
1,0
3,0
0,0
0,0
0,0
0,0
2,0
0,0
0,0
0,0
0,0
0,0
0,0
0,0
0,0
0,0
0,0
0,0
0,0
0,0
0,0
0,0
0,0
0,4
0,0
0,0
0,0
0,0
1,1
0,0
1,0
0,0
0,0
1,0
0,0
0,0
1,1
0,0
0,0
0,0
0,0
2,3
0,0
0,0
0,3
0,0
0,0
0,0
0,0
0,1
0,0
0,0
0,0
2,0
0,0
0,0
0,0
0,0
0,0
1,6
2,0
0,0
1,0
0,1
0,0
0,0
0,0
2,0
0,0
0,0
0,0
1,0
6,4
0,0
0,1
0,5
0,0
0,1
0,0
0,0
0,0
1,0
0,0
0,0
0,4
0,2
0,0
1,2
0,0
1,5
10,29
0,0
0,33
0,0
16,27
0,0
0,0
1,16
1,0
0,0
0,0
0,0
3,1
0,7
1,1
0,0
0,0
0,6
0,0
0,2
0,0
0,0
0,0
0,0
0,0
0,0
0,0
0,0
0,0
0,0
4,30
1,0
0,2
2,0
1,0
2,6
0,0
0,0
24,0
0,0
0,1
0,0
0,0
0,1
1,1
0,0
0,0
0,0
0,0
0,2
0,1
0,0
0,0
1,0
0,0
0,0
1,0
0,0
0,0
0,0
0,0
0,0
0,0
0,0
0,1
0,0
0,0
0,0
0,0
3,2
0,0
0,3
0,0
171,0
0,25
0,0
0,2
0,0
0,0
0,0
0,0
2,1
0,0
2,0
0,0
0,0
0,0
0,0
0,0
0,0
0,0
0,0
0,0
0,0
0,0
1,0
0,0
0,0
0,0
0,0
0,0
0,0
0,0
0,3
0,1
0,0
0,0
0,0
0,0
0,4
0,0
1,0
1,3
1,0
10,35
0,0
0,0
0,0
0,0
0,0
1,0
0,0
3,0
0,0
0,0
0,4
0,0
0,0
0,0
0,0
0,1
0,0
0,0
0,0
0,0
0,1
0,1
0,0
0,0
0,0
0,0
0,0
3,0
1,0
0,1
0,1
0,0
0,0
0,0
0,0
0,0
0,0
0,0
0,0
0,0
0,0
0,0
0,0
0,0
0,0
0,0
0,0
0,0
0,0
0,0
0,0
0,0
0,0
0,0
0,3
0,0
0,0
0,0
0,0
0,0
0,0
2,1
0,0
0,0
2,0
0,0
0,0
0,0
0,0
0,0
0,0
0,1
0,1
1,1
0,0
1,1
0,0
0,0
11,19
0,0
0,0
0,0
0,0
1,0
0,1
2,0
0,0
0,0
0,0
0,0
0,0
0,0
0,0
0,0
0,0
3,0
0,0
0,0
1,15
1,0
1,25
1,0
0,1
1,27
0,0
2,0
0,0
0,1
0,7
0,1
0,0
0,0
0,0
0,0
0,0
0,0
0,0
0,0
0,0
0,0
0,0
0,0
0,2
0,1
1,1
1,0
1,0
1,0
0,0
0,0
0,0
0,0
0,0
1,0
0,0
11,35
0,0
2,0
0,1
0,0
0,0
0,0
1,0
0,10
0,0
0,0
0,0
0,0
0,0
0,0
0,0
0,0
0,0
0,0
2,0
0,1
1,12
0,0
0,0
0,3
1,0
0,0
0,0
1,0
1,0
2,0
0,0
0,0
0,0
1,9
0,0
0,0
0,0
0,0
0,0
0,0
13,0
0,0
1,0
0,0
0,4
0,0
0,2
0,0
0,0
0,0
0,0
0,0
0,0
0,3
0,0
0,1
0,0
0,3
0,0
1,0
0,0
1,0
0,0
0,0
0,0
0,0
0,0
0,0
3,0
2,0
0,0
0,0
0,0
0,0
0,0
0,0
0,0
0,1
0,0
0,0
0,0
0,0
1,15
0,0
0,0
0,1
0,0
0,0
0,7
0,0
0,0
0,0
0,1
1,1
1,0
0,0
0,0
0,0
0,0
0,0
0,0
0,0
0,0
1,0
3,1
0,0
0,0
0,0
1,0
0,0
0,0
0,0
0,0
0,0
0,0
0,1
1,0
4,26
1,3
0,0
0,0
2,5
0,0
0,0
0,0
0,0
0,0
0,0
1,20
5,0
0,0
0,0
0,0
0,0
0,0
0,0
0,2
0,0
0,0
1,0
0,0
3,0
0,0
0,0
1,0
0,0
3,0
0,0
0,0
0,0
0,0
0,0
0,0
0,0
0,0
0,0
0,0
0,0
0,0
0,0
0,0
0,0
0,0
0,0
0,0
0,0
0,0
0,0
0,0
0,0
0,0
0,0
0,0
0,0
0,0
0,0
0,0
0,0
0,0
0,0
1,1
0,0
0,0
0,0
0,0
0,0
0,0
0,0
0,0
0,0
0,0
0,0
0,0
0,0
0,0
0,1
0,0
1,0
0,0
0,0
0,0
0,0
0,0
0,0
0,0
2,0
0,0
0,0
0,0
2,20
0,0
0,0
0,0
0,0
0,0
0,0
0,0
0,0
0,0
0,0
0,0
0,0
0,0
0,0
0,0
0,0
0,0
0,0
0,0
0,0
0,0
0,0
0,0
0,0
0,0
0,0
0,0
0,0
0,0
0,0
0,0
0,0
0,0
0,0
0,0
0,0
0,0
0,0
0,0
0,0
0,0
0,0
0,0
0,0
0,0
0,0
0,0
0,0
0,0
0,0
0,0
0,1
0,2
0,4
0,0
0,0
0,0
0,0
0,2
0,1
0,0
0,0
0,0
0,0
0,0
0,0
1,0
0,0
0,0
3,4
0,0
0,0
0,0
0,0
0,0
0,0
0,0
0,0
1,0
0,0
0,0
0,0
1,0
0,0
0,0
0,0
0,0
0,0
0,0
0,0
0,0
0,1
0,0
0,2
0,0
0,0
0,0
0,0
0,0
0,0
0,0
0,0
0,0
0,1
0,0
0,0
0,0
0,0
0,0
0,0
0,0
0,0
1,0
0,0
0,1
1,0
3,9
0,0
0,0
1,0
0,0
4,0
1,0
1,0
1,0
0,0
6,3
1,0
0,1
0,0
0,0
0,1
4,0
0,0
0,1
0,0
0,0
1,0
1,0
0,0
0,0
0,0
0,0
0,0
0,0
0,0
0,0
0,0
0,0
0,0
0,0
0,0
0,0
0,0
0,0
1,0
0,0
0,4
2,0
0,0
13,0
5,0
0,0
0,0
0,0
0,1
0,0
0,0
0,0
0,0
0,1
0,0
1,0
0,0
0,0
0,4
0,0
0,0
1,0
0,0
0,2
0,1
0,0
8,18
0,0
1,3
14,9
0,0
0,0
8,0
1,0
1,0
0,0
0,2
0,0
0,0
0,0
0,0
0,0
1,0
0,1
0,0
0,0
1,0
0,0
0,1
0,0
3,0
1,0
0,0
0,0
0,0
0,0
0,1
0,0
0,0
0,0
0,0
0,0
0,0
0,0
0,0
0,0
1,0
0,1
0,3
0,0
0,0
0,0
0,0
0,3
0,0
0,0
0,0
1,2
0,0
0,0
0,0
0,1
0,0
0,0
0,0
1,0
0,0
6,0
0,0
0,0
0,0
2,43
0,0
0,0
0,0
0,1
0,0
0,0
0,0
0,0
0,0
0,0
0,0
1,0
0,0
0,3
0,0
0,0
0,0
1,0
0,0
1,0
1,19
0,0
0,0
0,0
0,2
0,0
1,1
0,1
0,0
0,0
0,1
0,0
1,8
0,0
0,0
0,0
0,0
1,0
0,0
0,0
0,0
0,0
0,0
0,0
0,1
0,0
0,0
9,0
0,0
0,0
0,0
0,6
0,0
0,0
0,1
0,0
0,0
1,0
0,0
0,0
0,0
1,0
0,3
3,0
0,0
0,0
1,0
0,1
0,0
0,0
0,0
0,0
0,0
0,0
0,0
3,0
0,0
3,1
0,0
0,0
0,0
0,28
0,1
1,0
0,0
0,0
0,0
0,0
1,0
28,250
3,19
0,0
0,0
0,0
0,0
0,0
0,0
0,0
0,0
0,0
0,0
0,0
0,0
1,3
0,0
0,0
0,0
0,0
1,0
0,0
0,0
1,0
0,0
0,0
0,0
0,0
0,0
0,0
0,0
1,0
0,6
0,0
0,3
0,0
0,0
0,2
0,1
0,0
1,9
0,2
1,0
0,0
0,1
0,1
0,0
4,0
1,0
0,0
0,0
0,0
0,0
0,0
0,0
0,0
0,0
0,0
0,9
0,0
0,0
0,0
0,0
4,0
0,0
0,0
0,0
4,19
0,0
1,0
0,0
0,2
0,1
0,0
0,0
0,0
0,0
0,0
0,4
0,1
0,0
0,1
0,0
0,0
1,1
1,0
0,0
0,6
0,0
0,0
0,0
0,4
0,0
0,0
1,1
0,0
0,0
4,0
0,0
0,1
1,0
0,0
0,1
0,0
1,0
0,0
0,0
0,0
0,0
0,0
0,1
0,3
0,0
0,0
0,0
9,100
0,0
0,0
0,0
0,0
0,0
0,2
1,0
0,0
0,0
0,0
1,0
0,0
0,0
0,0
0,0
0,0
0,0
0,1
2,0
0,0
0,0
1,2
1,0
0,3
0,0
0,0
0,0
0,0
0,0
0,0
0,0
0,0
0,0
0,0
0,0
0,0
0,0
0,0
0,0
0,0
0,0
0,0
0,0
0,1
0,0
0,0
0,0
0,0
0,1
0,0
1,2
0,2
0,0
1,0
0,0
0,0
0,3
0,0
0,0
9,0
0,10
0,0
0,0
0,0
0,0
0,2
0,0
0,8
1,1
0,0
0,0
0,0
0,1
1,0
0,0
0,1
1,0
1,0
0,0
0,0
0,0
0,2
8,0
0,0
0,0
1,0
0,0
0,0
0,0
0,0
2,0
0,7
1,0
1,0
0,0
0,0
0,0
1,4
3,2
0,0
0,0
0,0
0,0
0,0
1,0
2,4
0,0
0,0
0,11
0,10
0,1
0,0
2,0
2,3
0,0
0,0
1,0
0,0
0,25
1,0
4,0
6,0
0,0
0,3
0,0
0,0
0,0
0,0
0,0
1,0
0,0
0,0
0,0
6,1042
4,20
0,0
2,7
0,1
0,0
0,2
2,0
1,0
0,0
0,0
0,0
0,0
317,1200
0,0
0,0
0,1
0,0
1,0
1,0
1,0
0,0
0,6
0,0
0,0
1,0
2,0
2,0
0,0
3,3
0,0
0,0
0,0
0,0
3,2
0,0
1,5
0,0
0,0
0,0
1,0
2,0
0,0
0,1
0,0
0,0
1,0
0,5
3,6
0,0
1,0
0,0
0,0
1,1
0,0
0,0
2,0
2,0
0,0
0,0
1,0
1,3
0,0
0,0
0,0
1,14
1,15
0,0
0,0
2,0
1,0
0,3
0,0
0,0
0,0
0,0
0,0
0,0
0,0
0,0
0,6
0,0
1,7
0,0
0,0
0,0
0,0
0,0
0,0
0,0
0,0
0,0
0,0
0,0
0,0
0,0
0,1
0,26
0,1
0,2
0,0
2,3
0,0
1,2
0,0
0,4
0,0
1,7
0,18
0,0
0,0
0,0
0,3
1,0
4,0
1,1
0,0
0,0
1,0
0,0
0,0
0,0
0,11
8,4
0,0
0,0
0,0
0,6
0,0
1,0
2,1
3,0
0,3
0,0
0,1
0,0
0,0
0,0
0,0
1,2
7,0
0,3
0,1
0,0
0,0
0,0
0,2
0,0
4,0
0,0
0,0
3,7
2,0
1,0
3,0
0,0
0,3
0,0
0,0
0,0
0,0
0,0
4,0
0,0
1,12
0,0
0,0
0,1
0,0
0,0
0,0
2,2
3,50
0,0
0,0
4,2
0,0
0,0
0,0
0,0
0,1
0,0
0,0
1,0
0,0
0,0
0,0
0,0
0,0
0,0
1,0
0,0
0,0
0,0
0,1
1,0
0,0
2,1
1,0
1,0
0,0
0,0
0,2
0,0
0,1
0,0
0,11
0,16
2,0
1,4
0,0
0,11
0,1
1,1
0,0
1,0
0,0
0,0
0,0
0,0
0,0
0,0
0,0
0,0
0,0
0,0
1,0
2,0
0,1
0,0
1,2
0,0
0,0
0,0
1,0
0,0
0,0
0,0
0,0
0,0
0,0
0,0
1,0
0,0
0,0
2,1
0,2
0,0
0,0
0,2
0,0
0,0
0,0
0,0
0,0
0,0
0,0
0,0
0,0
0,1
0,0
0,0
1,0
0,0
0,0
0,0
0,0
0,0
0,0
0,4
0,0
0,0
1,0
0,0
0,11
0,0
0,0
40,250
0,1
0,0
0,1
0,2
1,3
0,1
0,0
0,0
0,0
0,0
1,0
0,2
0,0
0,0
0,0
0,0
0,0
1,0
12,53
0,1
1,0
0,7
2,0
0,2
1,0
0,0
0,0
0,4
0,2
1,0
0,3
0,0
1,0
0,0
0,0
1,0
2,0
1,0
2,0
2,12
0,0
0,0
1,0
0,0
0,0
6,30
0,0
0,4
0,0
0,0
0,0
0,0
0,0
0,0
0,0
0,16
0,1
0,0
0,6
0,1
2,0
0,3
0,3
0,0
0,0
0,0
0,0
5,1
0,0
0,0
14,5
0,1
1,1
0,0
1,0
0,0
1,0
0,0
0,0
0,0
0,0
0,0
0,0
0,1
0,0
0,0
0,0
25,70
0,10
0,0
1,21
0,0
2,0
2,0
1,0
2,0
0,0
0,0
1,0
0,0
1,0
1,0
7,0
0,0
0,2
5,0
4,0
1,0
4,1
0,4
0,0
0,0
0,0
0,0
0,4
0,0
1,8
96,236
2,8
1,0
0,0
21,0
0,2
0,1
0,0
13,0
0,15
0,5
0,0
0,1
0,0
0,2
5,1
0,0
0,0
0,0
1,0
1,0
2,1
0,0
0,0
0,0
0,0
0,0
0,0
0,0
0,0
0,0
0,0
0,0
0,0
0,0
0,0
0,0
0,0
0,0
0,0
0,0
0,29
0,0
0,0
1,29
8,100
0,0
0,1
2,0
0,1
0,0
0,0
0,0
0,0
2,0
0,0
0,1
0,0
4,0
0,0
0,0
0,0
15,5
0,0
0,0
32,50
0,0
0,0
0,0
2,50
0,15
0,0
0,0
0,0
0,0
0,0
0,0
0,0
0,0
0,0
0,3
1,8
2,3
2,5
2,0
0,0
0,0
0,1
0,0
0,0
7,9
2,2
0,0
1,3
0,0
2,0
0,0
0,0
3,0
5,0
0,0
0,0
0,0
0,0
0,0
0,0
0,0
0,2
0,0
0,0
0,0
0,3
1,3
1,0
4,0
0,0
0,0
0,0
1,0
0,1
0,4
1,0
1,0
4,13
1,0
2,0
1,2
0,0
1,0
2,0
1,0
23,45
0,0
0,7
0,0
0,0
2,0
1,4
0,0
0,0
0,0
0,0
1,0
0,0
0,0
0,0
0,0
0,0
1,0
0,2
0,1
0,3
0,3
0,0
0,0
1,0
0,0
0,0
1,0
0,0
0,0
1,10
0,8
0,0
0,0
0,0
0,0
3,16
3,20
12,13
0,2
4,0
9,0
0,6
1,0
2,1
2,0
0,0
0,0
0,0
1,1
22,62
1,4
1,0
1,1
0,0
0,0
1,0
0,0
0,0
0,0
0,0
0,0
0,0
6,0
1,0
1,0
1,6
0,1
0,0
0,0
0,0
0,0
0,0
0,0
0,0
0,0
1,0
0,0
0,0
0,0
0,0
0,0
0,0
0,0
0,0
0,0
0,0
0,0
5,0
12,5000
0,0
0,0
1,0
1,7
0,0
0,0
1,1
0,0
0,0
9,40
0,0
0,0
0,0
0,0
1,0
0,0
0,0
0,0
0,0
0,0
0,0
0,0
0,0
0,0
0,0
0,0
1,0
0,1
1,0
0,2
1,0
8,4
0,3
3,3
2,0
0,0
0,0
0,1
0,0
1,0
0,0
0,0
0,0
0,1
1,12
0,0
0,0
15,168
0,0
0,0
7,200
1,0
0,0
3,12
0,18
7,2
0,0
2,8
0,0
0,0
1,0
16,0
1,29
4,0
1,0
0,0
3,25
4,25
0,0
2,0
0,0
0,0
0,1
2,2
0,2
0,1
0,0
0,1
0,0
0,0
0,0
2749,2261
44,0
189,76
6,5
0,0
0,0
0,0
0,0
0,0
0,2
0,0
0,0
0,0
0,0
0,0
0,0
0,0
0,0
1,1
0,4
0,0
0,0
1,0
2,0
0,1
1,0
1,0
0,1
2,8
1,4
1,8
0,0
4,0
0,0
0,0
1,0
3,0
2,0
0,0
0,0
0,0
6,30
7,91
0,0
0,0
0,0
0,0
0,0
0,0
0,0
0,0
0,0
0,0
0,0
0,0
0,0
0,0
0,0
0,0
0,0
0,11
0,0
0,0
0,0
0,0
0,0
2,30
0,8
2,4
0,1
1,3
0,0
1,0
2,0
0,4
25,0
0,0
0,0
2,0
2,20
0,0
1,1
0,14
1,1
5,9
1,0
0,0
1,0
0,0
0,0
1,0
0,0
0,0
0,0
0,12
0,0
0,0
6,4
0,1
0,0
0,0
0,0
1,0
0,0
0,0
0,0
0,1
0,0
0,0
1,11
1,0
0,0
0,0
1,2
0,10
0,0
0,3
1,1
0,0
0,3
7,60
1,0
0,0
1,5
17,60
0,0
0,30
0,0
1,0
1,0
0,7
1,0
0,0
0,0
2,1
0,0
0,1
2,0
0,0
0,1
1,0
0,0
0,2
0,0
45,100
0,0
0,0
0,0
0,0
0,0
0,0
0,0
0,0
2,0
8,0
0,13
0,0
0,1
0,0
4,20
10,38
0,0
0,0
3,7
0,0
0,1
0,0
96,1400
0,0
0,0
0,0
0,0
0,0
0,0
0,0
0,0
0,3
0,4
0,0
0,0
2,0
23,50
3,25
1,2
2,34
19,7
15,163
2,1
1,0
0,0
0,0
7,0
0,0
4,0
0,2
0,0
0,1
25,50
0,0
1,0
1,2
1,0
7,0
0,0
2,0
0,0
4,0
0,0
0,0
0,30
0,0
18,15
12,37
0,0
1,0
3,1
1,1
0,0
0,0
0,0
0,0
6,0
1,0
0,0
0,0
0,0
0,0
0,0
0,0
0,0
0,0
0,0
0,2
8,2
0,0
0,0
0,0
0,1
4,7
0,0
3,0
2,0
1,0
2,0
1,0
2,0
5,0
0,0
2,0
0,0
0,0
0,0
10,23
19,502
0,0
0,0
0,0
0,0
0,0
0,0
0,0
1,0
0,53
0,0
0,0
0,0
0,0
0,0
9,68
0,0
0,1
0,0
0,0
0,0
0,1
0,0
0,0
0,2
0,0
0,0
0,0
0,0
4,62
0,0
0,0
0,0
0,0
0,0
0,0
0,0
0,0
0,0
0,0
2,0
0,0
0,0
0,0
1,17
1,0
0,0
0,0
0,0
0,9
0,0
0,0
3,3
0,0
2,0
0,0
0,0
0,0
0,0
0,0
0,0
0,0
3,0
0,0
0,0
0,2
0,1
0,0
0,2
0,0
0,1
0,0
1,1
0,0
0,0
0,0
0,0
0,2
0,2
0,0
0,0
0,0
0,0
0,0
0,0
1,2
1,2
0,0
0,0
0,0
0,0
0,0
1,0
0,1
2,0
4,0
0,29
0,0
1,2
0,0
0,0
0,0
0,0
0,1
1,0
0,0
17,40
0,0
0,0
127,48
0,10
0,0
0,0
1,0
0,0
0,3
4,90
0,0
0,0
0,0
1,0
0,0
0,0
3,8
0,0
7,6
0,0
2,38
1,0
13,100
0,0
0,0
0,0
0,0
0,0
0,0
0,0
0,0
17,0
6,0
6,1
0,0
0,0
0,0
0,0
6,0
0,0
1,2
11,42
0,0
0,0
0,6
0,0
0,0
0,0
0,0
0,0
0,0
0,0
0,0
0,0
0,2
0,0
0,0
0,13
0,0
0,0
0,0
0,0
0,0
0,2
0,0
0,0
0,0
0,0
0,0
2,7
0,0
0,0
0,0
0,0
0,0
0,0
0,0
0,1
1,0
5,0
0,0
7,0
3,1
3,0
2,4
9,74
0,0
0,0
3,48
0,1
0,9
0,0
6,0
0,0
0,0
1,0
0,0
0,0
19,100
1,0
2,0
0,0
0,0
0,0
0,1
0,0
0,0
0,0
0,0
0,0
0,0
3,6
0,0
0,0
9,10
0,0
0,0
0,0
0,0
0,0
0,0
0,2
0,0
0,0
0,0
0,0
4,0
3,0
0,0
0,0
1,0
0,7
0,0
0,1
0,0
0,0
1,0
0,0
0,0
0,3
0,0
0,0
0,0
0,0
0,0
0,1
10,8
2,0
0,0
0,0
0,0
0,0
0,3
0,0
5,0
74,24
0,0
0,0
1,0
1,1
0,0
0,0
0,0
0,0
0,0
0,1
0,0
0,0
0,0
1,0
0,7
1,42
1,1
6,3
9,25
1,9
3,5
0,0
7,50
2,65
0,0
1,2
1,13
3,3
3,5
2,37
0,0
0,0
10,50
3,1
2,3
6,2
2,8
1,15
7,138
4,20
2,31
21,110
2,14
1,3
1,13
1,13
4,50
1,13
11,4
1,1
6,8
1,1
31,6
0,0
1,2
7,8
3,16
1,7
2,1
6,10
1,4
3,1
2,61
1,25
1,2
3,13
1,4
3,2
3,4
6,45
8,100
1,20
38,60
0,0
1,4
11,23
1,3
252,165
0,0
0,0
3,11
0,0
0,0
0,0
1,5
2,15
0,0
1,1
0,0
1,17
1,1
0,0
1,1
0,1
1,8
5,9
1,14
4,7
0,0
4,14
2,14
0,0
0,0
0,0
2,2
0,0
2,3
2,3
1,2
5,24
4,30
2,3
1,1
0,1
3,35
3,5
1,3
1,20
4,11
1,1
1,2
3,12
18,5
6,31
11,50
4,44
3,5
2,15
3,3
3,18
1,1
2,14
1,2
1,1
1,0
1,2
0,0
0,0
1,3
2,1
0,0
1,4
0,0
2,7
0,0
0,0
1,2
0,0
0,0
5,43
5,1
0,0
0,0
3,6
5,0
2,5
0,0
2,15
1,2
0,1
1,1
0,0
0,0
0,0
1,2
1,3
1,3
1,1
4,9
1,1
12,150
3,4
1,5
0,0
0,0
2,4
3,6
1,8
1,1
1,2
1,29
1,1
1,1
0,0
1,1
7,35
1,1
1,26
2,115
3,44
1,1
13,5
4,0
1,2
0,0
1,1
16,5
5,20
0,0
5,40
4,3
2,1
1,1
4,13
2,3
4,3
2,1
0,5
1,1
1,0
3,6
5,50
3,6
2,8
1,1
1,1
1,16
10,21
1,30
2,8
2,2
1,8
3,2
10,4
4,31
1,1
2,3
0,0
2,2
10,45
1,14
6,23
12,40
4,50
0,0
0,1
0,0
3,9
1,7
0,0
1,5
1,1
1,1
0,0
1,2
6,7
1,1
0,0
3,0
1,1
0,0
2,2
5,45
2,16
1,28
1,1
0,0
1,1
9,30
1,1
1,3
8,27
4,60
0,0
3,25
3,1
2,3
3,28
1,15
0,0
2,1
2,1
29,130
5,1
3,30
8,10
4,19
5,17
1,10
3,1
1,12
1,1
0,0
0,0
1,4
16,46
2,2
2,4
1,1
1,3
0,0
0,0
2,4
2,1
1,2
10,21
2,35
1,12
1,1
4,16
0,0
0,0
12,70
1,1
3,6
1,1
1,1
1,1
9,19
4,3
2,7
6,62
7,3
3,10
5,4
5,4
5,2
3,2
1,0
13,25
1,42
0,5
5,3
1,9
4,6
0,9
0,0
2,4
3,5
0,7
15,71
7,30
0,4
4,63
0,2
14,10
4,7
0,8
0,4
2,2
17,41
0,2
0,1
5,0
14,25
0,0
1,3
1,5
1,2
400,0
6,30
18,9
15,20
0,10
12,100
0,10
4,7
1,1
1,0
0,0
1,5
0,1
4,30
23,25
11,25
1,24
3,12
1,1
2,5
1,1
1,1
4,56
1,0
2,1
1,12
0,0
60,70
7,36
43,100
0,0
1,1
0,0
103,70
1,10
0,0
1,0
1,0
4,27
1,5
3,20
1,1
4,2
4,12
4,17
2,1
3,13
1,0
18,10
0,12
1,1
4,5
2,11
1,1
3,2
1,0
20,50
7,20
2,0
2,0
11,45
3,2
5,4
6,4
4,3
1,7
1,5
9,50
0,0
0,0
3,66
1,2
0,0
0,0
0,2
0,15
1,1
0,0
2,6
0,0
1,4
3,8
0,0
0,0
0,0
1,1
0,2
2,2
0,0
0,0
1,1
1,1
0,0
0,0
0,0
0,0
0,4
0,4
1,1
0,1
0,20
2,0
1,3
0,1
0,1
1,0
28,30
0,13
0,10
8,4
0,10
4,17
1,4
0,0
0,0
0,0
0,0
0,0
1,0
1,2
0,2
1,9
0,1
9,7
3,4
5,2
40,180
4,3
2,5
6,10
0,4
2,4
1,4
1,17
2,32
18,25
0,0
2,15
2,2
1,1
5,3
6,6
2,2
0,0
0,0
2,3
4,13
1,1
5,1
32,252
5,35
5,30
9,26
1,8
2,23
0,0
0,0
0,0
3,4
0,0
0,0
0,0
0,0
2,2
2,5
1,3
2,3
1,1
5,28
1,11
21,3
0,0
1,1
0,0
1,0
0,0
0,0
0,8
0,0
0,1
0,0
0,0
0,0
0,0
0,0
1,2
6,27
0,0
0,0
5,6
0,0
0,0
0,0
0,0
1,2
2,2
0,0
0,0
2,0
1,2
1,1
2,3
0,0
9,18
7,38
1,1
1,1
0,0
0,0
0,0
0,0
0,0
0,0
0,0
0,2
0,1
0,1
0,1
0,2
0,0
0,0
0,0
0,35
0,0
29,24
0,0
0,0
0,2
30,36
1,0
3,2
1,4
0,0
1,1
2,7
3,20
2,3
17,30
7,10
3,2
2,1
1,1
12,21
1,2
6,3
1,1
1,1
3,13
4,1
1,3
17,42
1,3
1,13
4,14
2,18
2,3
213,5000
11,77
7,11
13,39
30,6
1,27
17,61
2,13
13,4
23,36
5,4
6,3
2,5
11,29
2,20
2,7
3,1
25,7
2,8
2,2
1,1
1,2
5,3
35,6
1,1
1,1
1,14
2,3
0,0
1,1
0,0
0,0
1,1
0,0
2,2
0,1
9,2
1,14
0,6
0,0
1,0
5,8
1,5
0,0
0,0
0,0
1,2
5,1
0,0
0,0
1,2
1,1
6,17
0,0
2,25
0,0
1,6
1,3
4,60
2,3
1,4
1,1
1,0
1,2
0,0
2,49
0,0
0,0
0,0
2,3
2,3
1,1
0,0
0,0
0,0
1,1
2,3
1,1
0,0
0,0
0,0
2,8
1,2
10,40
2,14
2,2
1,1
2,2
1,1
1,0
2,4
0,0
6,3
9,28
6,23
2,6
0,0
2,1
1,0
0,0
5,6
1,2
0,0
1,1
1,0
0,0
1,1
1,0
2,6
2,2
2,8
0,0
1,2
2,1
30,170
4,2
4,2
2,2
1,5
0,0
3,3
2,2
0,0
0,0
71,35
0,0
1,1
0,0
0,0
0,1
0,0
0,0
0,0
0,0
1,2
0,0
0,0
1,38
1,2
0,0
0,0
0,0
0,0
0,0
7,6
2,2
1,6
0,0
1,1
0,5
2,5
2,4
0,1
1,0
7,1
1,2
1,1
2,4
7,48
0,0
1,3
0,0
0,3
0,0
1,4
4,1
0,1
0,8
6,12
2,0
0,0
0,2
0,4
0,0
0,16
0,0
1,1
0,8
0,0
0,1
0,0
0,0
0,0
1,0
0,0
0,2
0,0
0,0
0,2
0,9
0,0
4,19
0,5
0,0
0,10
0,0
0,1
0,0
0,2
0,1
0,4
0,9
0,1
1,1
0,1
2,4
4,0
12,0
8,0
3,0
3,0
2,0
1,0
4,0
4,0
1,0
0,0
1,0
0,4
0,2
1,2
2,1
0,0
0,0
0,0
0,0
0,0
0,0
0,0
0,0
0,1
0,0
0,3
0,1
0,0
0,0
0,0
0,0
0,0
0,0
0,0
0,0
0,0
0,0
0,2
0,0
0,0
0,0
0,0
0,0
0,0
0,0
0,0
0,1
0,0
0,0
1,2
0,0
0,0
1,3
0,0
0,0
2,16
0,3
0,0
0,0
0,0
0,0
0,0
0,0
0,0
16,42
0,0
4,18
0,0
0,0
0,0
0,0
4,0
2,4
0,1
4,40
0,0
0,0
0,0
2,2
0,9
1,20
3,2
1,3
0,1
0,0
0,0
0,0
0,0
8,9
0,0
0,0
0,0
0,0
0,0
0,0
0,0
0,2
0,0
0,4
0,0
2,21
0,0
2,1
3,3
0,8
0,0
0,0
0,0
0,0
0,0
0,0
0,0
0,0
0,0
0,0
0,2
0,0
0,0
0,14
4,1
1,1
1,1
2,1
0,0
2,9
4,3
0,2
0,0
0,0
0,0
3,69
0,0
0,0
3,2
0,0
0,0
3,1
0,0
2,0
5,3
0,1
0,1
0,0
1,0
0,0
0,0
0,0
0,5
0,12
21,70
5,1
2,36
1,31
0,0
0,0
0,0
1,4
0,0
0,0
0,0
0,0
0,0
0,0
0,0
0,0
0,0
0,1
0,0
0,0
0,0
0,0
0,0
0,0
0,0
0,0
0,0
0,1
0,0
0,0
0,0
0,0
0,0
0,0
0,0
0,0
0,0
0,0
0,0
0,0
0,1
0,0
1,0
1,4
0,0
0,0
0,0
0,0
0,0
0,0
0,0
1,0
0,1
0,0
0,0
0,0
0,0
0,0
0,0
0,0
0,0
0,0
0,0
0,0
0,0
0,0
0,0
0,0
0,0
0,0
0,0
0,0
0,0
0,0
0,0
0,0
0,0
0,1
0,0
0,0
0,0
0,0
0,0
0,0
0,0
0,0
0,0
0,0
0,0
0,0
0,0
0,0
0,0
0,1
0,0
0,0
0,0
0,0
0,0
0,0
0,0
2,0
3,14
0,1
1,1
1,0
1,0
0,0
0,6
0,0
0,0
0,0
0,0
0,0
0,0
0,0
0,0
0,0
0,0
0,0
0,0
0,0
0,0
0,0
0,0
0,1
0,0
0,0
0,0
1,0
0,0
7,0
0,0
0,0
0,0
0,0
0,2
1,1
0,0
0,0
0,0
13,80
0,0
0,1
1,0
0,0
0,0
0,0
0,7
0,0
3,0
0,0
0,3
8,19
0,0
0,0
1,0
0,2
7,144
1,13
0,0
0,0
0,0
0,0
0,0
0,0
0,0
0,0
0,0
0,0
0,0
0,0
0,0
0,0
0,0
0,0
0,0
0,0
0,0
0,0
0,0
0,0
0,0
0,0
0,0
0,0
0,0
0,0
0,0
0,0
0,0
0,0
0,0
0,0
0,0
1,5
0,0
0,0
0,0
0,0
0,0
0,0
0,0
0,1
0,0
0,0
0,0
0,0
0,2
0,0
0,0
0,0
0,0
0,0
0,0
0,0
0,0
0,0
202,300
0,0
0,0
0,0
0,0
0,0
0,0
0,0
0,0
0,0
0,0
0,0
0,0
0,0
0,0
0,0
0,0
0,0
0,0
0,0
0,0
0,0
0,0
0,0
0,0
0,0
0,0
0,0
0,0
0,0
0,0
0,0
0,0
0,0
0,0
0,0
0,0
0,0
0,0
3,24
0,9
0,0
0,0
0,1
0,12
0,0
0,0
0,3
0,0
1,1
0,0
1,6
1,90
2,35
1,0
0,0
0,0
1,0
0,0
0,0
0,0
2,8
0,0
0,0
0,0
0,0
0,0
0,0
0,0
0,0
0,0
0,0
0,0
0,0
1,0
1,0
0,0
0,0
0,0
0,0
0,0
0,0
1,0
0,0
0,2
0,13
0,0
3,18
0,0
1,0
0,0
2,3
0,6
12,3
0,15
3,7
5,5
0,10
0,0
3,0
0,0
0,1
0,51
0,15
0,0
0,0
1,4
5,0
2,0
4,8
0,2
1,1
22,9
0,0
162,650
0,0
0,0
0,0
0,0
0,0
0,0
0,0
0,0
0,0
0,0
0,0
0,0
0,0
0,0
0,0
0,0
0,0
0,0
0,0
0,0
0,0
0,0
0,0
0,0
0,0
0,0
0,0
0,0
0,0
0,0
0,1
0,0
0,0
0,0
0,0
0,0
0,0
0,0
0,0
0,0
0,0
0,0
0,0
0,0
0,0
0,1
0,0
0,0
0,0
3,2
0,0
20,16
0,0
1,0
0,3
0,0
1,0
2,36
0,0
0,0
0,0
0,1
0,0
0,0
0,0
0,0
0,0
0,0
0,0
0,0
0,0
0,0
0,0
0,0
0,0
0,0
0,0
0,0
0,0
0,0
0,0
0,0
0,0
0,0
0,0
0,0
0,0
0,0
0,0
0,0
0,0
0,0
0,0
0,0
0,0
0,0
0,0
0,0
0,0
0,0
0,0
0,0
0,0
0,0
0,0
0,0
0,0
0,0
0,0
0,0
0,0
0,0
0,0
0,0
0,0
0,0
0,0
0,0
0,0
0,1
0,0
0,0
0,0
0,0
0,0
0,0
0,0
0,0
0,0
0,0
0,0
0,0
0,0
0,0
0,0
0,0
0,0
0,0
2,0
0,0
1,0
0,0
1,0
0,0
2,0
0,0
0,0
0,0
1,1
0,0
0,0
0,0
0,0
1,0
1,0
3,25
0,0
0,0
0,4
0,0
0,0
0,0
0,1
17,300
1,0
0,0
0,0
0,0
0,0
0,0
0,0
0,0
0,0
0,0
0,0
0,0
0,0
0,0
0,0
0,0
0,0
0,0
0,0
0,0
0,0
0,1
0,0
0,0
0,0
0,0
0,0
0,1
0,0
0,0
0,0
0,0
0,0
0,0
0,0
0,0
0,0
0,0
0,0
0,0
0,0
0,0
0,0
0,0
0,0
0,8
0,0
0,0
0,0
0,1
0,0
0,0
0,0
0,0
0,69
0,0
0,0
0,23
0,1
0,11
0,1
1,0
0,3
1,0
14,50
3,0
1,0
0,0
1,0
1,0
1,0
1,0
0,0
0,3
0,1
0,1
1,0
1,0
2,0
1,0
1,1
0,0
12,47
1,0
0,0
0,0
0,0
1,1
1,0
8,43
0,0
0,0
1,9
0,0
2,0
0,0
1,0
0,0
2,0
0,1
1,0
1,0
1,0
1,0
1,0
3,3
0,0
2,9
0,4
1,0
4,2
0,0
3,0
0,0
0,10
0,0
0,0
1,0
0,0
0,0
0,5
0,0
0,0
0,0
0,0
0,0
0,1
0,0
1,0
0,0
1,0
1,0
0,0
0,0
0,0
0,0
0,0
2,0
5,0
2,0
0,2
1,0
1,0
0,0
0,1
0,0
0,0
0,0
0,0
0,0
0,0
1,0
1,0
0,0
0,0
0,0
0,0
1,0
1,0
0,1
0,0
1,0
0,0
2,4
0,0
1,0
0,0
0,2
0,0
0,0
0,0
0,0
0,0
0,0
0,0
0,0
0,0
0,0
1,12
0,0
0,0
0,0
1,0
0,0
0,0
0,0
0,0
0,0
0,0
0,0
0,0
0,0
0,0
0,0
0,14
0,0
0,0
0,0
0,0
0,0
0,0
0,0
0,0
0,0
0,0
0,0
0,0
0,0
0,0
0,0
0,0
1,1
0,0
0,0
0,0
0,0
0,0
0,0
0,0
0,0
0,0
0,0
0,0
0,0
0,0
0,0
0,0
0,0
0,0
0,0
0,0
0,0
0,0
0,0
0,0
1,0
0,0
1,0
0,0
0,0
0,1
0,0
0,0
0,0
0,0
0,0
0,0
0,0
0,0
0,0
0,0
0,0
0,0
0,0
0,0
0,0
0,0
0,0
0,0
0,0
1,0
4,4
0,0
0,0
0,0
0,0
0,0
0,0
0,0
0,0
0,0
0,0
0,0
0,0
0,0
0,0
4,17
0,0
0,0
2,0
17,35
0,2
0,0
0,0
1,0
0,1
0,7
1,0
1,4
1,0
1,0
1,0
0,1
0,0
0,0
0,0
0,0
0,0
0,0
0,0
0,0
0,2
0,0
0,0
1,0
0,0
0,0
0,0
0,0
0,2
0,0
0,0
0,1
0,0
0,0
0,1
0,0
2,5
0,2
0,0
0,1
1,0
0,0
1,0
0,0
0,0
3,0
0,0
0,0
0,0
0,0
0,0
4,1
0,0
0,0
0,0
0,0
0,0
0,0
1,0
1,0
0,0
0,0
0,0
0,0
0,0
0,0
6,0
1,0
0,0
1,0
1,0
0,3
0,0
0,0
0,0
0,0
0,0
0,0
0,0
0,0
0,0
0,0
0,0
0,0
0,0
0,0
0,0
0,0
1,0
0,0
0,0
0,0
0,0
0,0
1,1
6,10
3,1
0,0
0,0
0,0
0,0
1,0
0,3
0,1
0,0
1,0
1,0
1,1
1,0
1,0
0,0
1,0
0,0
1,0
0,0
0,0
3,0
1,0
0,0
2,0
1,0
4,3
1,0
3,3
0,0
2,9
0,0
0,0
0,1
2,0
0,1
0,9
0,1
3,16
3,0
0,0
1,6
0,0
1,0
0,1
0,0
0,0
0,0
0,0
0,0
0,0
1,2
0,0
0,0
0,0
1,0
0,0
0,0
0,0
0,0
0,0
1,0
0,1
0,0
0,1
0,0
3,0
1,0
0,0
0,1
0,0
0,0
0,0
0,0
1,1
0,0
3,0
3,0
1,1
0,0
0,0
1,20
0,0
0,0
0,0
1,0
0,0
1,0
0,0
0,0
2,11
0,0
0,0
0,3
0,0
0,0
0,0
0,0
0,0
0,0
0,0
0,0
0,0
0,0
0,0
0,32
0,0
0,0
1,6
1,2
13,0
0,0
9,35
0,0
0,0
0,0
0,0
0,0
0,0
0,0
0,0
0,0
0,0
0,0
0,0
0,0
0,0
0,0
0,0
0,0
0,0
0,0
0,0
0,0
2,0
20,87
0,0
0,0
0,0
0,0
0,0
1,0
2,20
0,0
0,0
0,1
0,0
0,0
0,0
0,0
0,0
0,0
0,0
0,0
0,0
0,0
0,0
0,0
0,0
0,0
0,10
2,2
0,0
0,1
1,1
0,0
0,0
0,5
0,0
1,5
0,0
5,0
0,0
0,0
0,0
0,0
0,0
0,0
0,4
0,0
0,0
0,0
0,0
0,1
0,0
0,0
1,0
0,0
0,0
0,0
0,1
4,20
0,0
0,0
3,0
0,0
0,0
0,0
0,0
1,0
0,1
0,0
0,0
0,0
0,0
0,0
0,0
25,108
0,0
1,0
0,0
0,4
0,1
1,0
0,0
1,0
1,0
1,0
1,0
0,0
1,4
1,0
0,0
1,0
0,0
0,0
0,0
0,8
4,0
1,0
3,0
1,0
0,0
0,0
0,0
0,0
0,0
0,0
0,0
0,0
0,0
0,0
0,0
0,0
0,0
2,0
0,0
2,0
0,1
0,2
0,0
0,0
0,0
0,0
0,2
0,1
0,0
0,0
1,0
1,0
1,0
0,0
0,0
1,0
0,0
0,2
7,0
0,0
0,0
1,0
2,15
2,30
0,0
0,0
0,0
0,1
0,0
0,0
0,0
0,0
0,0
0,0
3,0
0,0
0,0
19,0
0,0
1,6
1,0
0,0
0,0
1,4
1,1
0,0
1,0
1,17
1,0
0,0
1,0
0,0
0,0
1,0
0,0
1,0
0,0
0,1
0,2
1,0
3,4
1,0
2,0
0,0
0,0
1,0
1,1
2,0
1,0
1,0
1,0
1,0
0,0
0,0
0,0
1,0
0,0
3,0
0,3
0,0
1,14
0,0
1,0
0,2
2,0
0,0
0,0
0,0
0,0
8,30
1,0
0,1
0,0
2,1
0,0
11,0
1,0
0,0
8,0
0,0
0,0
0,0
8,0
0,0
0,0
0,0
0,0
0,0
1,0
0,0
0,0
0,1
0,0
1,0
1,1
0,0
0,0
0,0
0,0
0,0
1,0
0,0
0,0
0,0
0,0
1,5
0,0
0,0
0,0
1,0
2,0
0,4
0,0
0,0
5,0
0,0
0,0
0,0
0,0
0,0
0,0
0,0
0,0
1,10
0,0
0,0
3,0
0,0
0,0
1,0
1,2
0,0
16,8
0,0
0,0
0,0
0,0
0,0
0,0
16,132
21,120
0,0
0,0
0,0
0,0
2,1
0,0
0,0
0,2
0,0
0,0
0,0
0,0
0,0
0,0
0,0
1,0
0,0
15,25
1,0
0,0
7,2
0,0
0,0
0,0
0,0
1,0
0,0
0,0
0,0
0,0
4,0
4,0
3,0
2,0
0,1
0,0
0,0
0,0
0,0
1,0
7,0
2,0
4,0
0,0
1,0
0,0
0,0
0,0
0,0
0,0
0,0
0,0
0,0
0,0
0,0
0,0
0,0
0,0
0,0
0,0
0,0
0,0
0,0
0,0
0,0
0,0
1,0
1,0
4,0
4,0
0,0
0,2
0,0
13,0
2,0
1,0
0,0
2,0
0,0
0,1
0,0
0,0
0,0
1,0
1,0
1,1
1,0
0,0
0,0
0,0
1,0
5,0
2,0
1,0
1,0
0,0
1,2
0,0
0,1
0,0
1,0
0,0
0,0
0,1
0,0
0,0
0,0
0,0
0,0
0,0
0,0
0,0
0,0
0,0
3,3
0,0
0,2
0,0
0,0
0,0
1,1
0,0
0,0
0,0
0,0
0,0
0,0
0,2
0,0
0,0
0,0
0,0
0,0
0,0
0,0
0,0
0,0
0,0
0,0
0,0
0,0
0,1
0,0
0,0
0,0
2,0
0,0
0,0
1,0
0,0
0,0
0,0
0,0
0,0
0,0
0,0
0,1
0,0
0,0
0,0
0,0
0,0
0,0
1,0
0,0
0,0
0,0
0,0
0,0
0,0
0,0
0,0
0,0
0,0
0,0
0,0
0,0
0,0
0,0
0,0
0,0
0,0
0,0
1,0
0,0
3,0
1,0
0,1
0,0
0,2
2,0
0,0
0,0
0,0
0,0
0,0
0,0
0,0
0,0
0,0
0,0
0,1
0,0
0,0
0,0
0,1
0,0
1,0
0,0
0,1
0,0
0,0
2,0
1,0
0,0
0,0
1,0
0,0
0,0
0,0
2,0
0,0
0,0
1,0
1,1
0,2
0,0
0,0
2,0
0,0
0,0
1,0
2,0
0,0
0,0
2,0
1,2
4,0
0,0
1,0
72,280
1,0
0,0
1,1
0,0
0,1
0,0
0,0
0,0
0,0
0,1
0,0
0,0
0,0
0,0
0,0
0,0
0,1
0,0
0,0
0,0
0,0
0,0
0,0
0,0
0,0
0,0
0,0
0,0
0,0
0,0
0,0
0,2
0,0
0,2
0,0
0,1
1,0
0,4
1,0
1,0
1,0
1,0
2,0
0,0
0,0
0,0
0,0
0,1
0,0
0,0
0,0
0,0
0,0
0,0
0,0
0,0
0,0
1,1
0,0
0,0
0,0
0,0
0,0
0,0
0,0
0,0
0,0
0,0
0,0
0,0
0,0
0,0
0,0
0,0
0,0
1,0
0,0
0,1
0,0
0,0
0,0
0,0
0,0
0,0
0,1
0,15
0,2
0,1
0,0
0,0
0,0
0,0
0,0
0,0
0,0
0,0
0,0
0,0
0,0
0,0
0,0
1,0
0,0
0,3
0,0
0,0
2,0
0,0
0,0
0,0
0,0
0,0
0,0
0,0
0,0
0,0
0,1
0,0
1,0
0,0
1,0
0,0
0,0
1,0
0,0
1,2
0,0
0,0
0,0
0,0
0,0
0,0
0,0
0,0
3,1
0,0
0,0
0,0
0,0
0,0
0,0
0,0
1,1
0,0
0,2
0,0
0,0
0,0
2,12
0,0
0,0
0,0
0,0
0,0
0,0
0,2
1,3
0,2
0,0
0,0
0,0
0,1
0,0
0,0
0,0
0,0
0,0
0,0
0,0
0,0
0,0
0,1
1,0
0,0
0,0
0,6
0,0
0,0
0,0
0,0
0,0
0,0
0,0
1,0
11,12
1,27
0,0
5,0
0,0
0,0
5,32
0,0
0,0
0,0
0,0
1,15
0,2
7,5
0,2
0,1
0,0
0,0
7,0
0,0
0,0
1,3
0,0
0,0
0,0
0,7
0,0
0,0
1,0
1,0
0,0
0,0
1,1
0,0
0,0
0,0
0,0
0,0
0,0
0,2
0,2
0,0
2,27
2,0
2,1
0,0
0,0
0,0
0,0
0,1
1,2
0,0
0,0
0,0
0,0
0,0
0,0
0,0
0,0
0,0
0,0
0,0
0,0
0,0
0,0
3,0
0,0
0,0
0,0
0,0
0,0
0,0
0,0
0,0
0,0
0,0
0,0
0,0
0,0
0,0
0,0
0,0
0,0
0,0
0,2
0,0
0,0
0,0
0,0
0,0
0,0
0,0
0,0
3,5
0,0
0,3
1,0
0,2
0,0
0,0
0,17
0,0
0,0
0,0
0,0
0,0
0,0
0,0
0,0
0,0
0,0
0,0
0,0
0,0
0,0
1,3
0,0
0,0
4,8
0,0
0,0
1,0
0,0
0,0
0,0
0,0
0,0
0,0
0,0
0,0
0,0
1,8
0,0
0,0
0,0
0,0
0,0
0,0
0,0
0,0
0,0
0,0
13,6
0,0
0,0
0,0
0,2
0,0
0,0
0,0
0,1
1,0
0,0
2,0
0,0
0,0
0,4
0,0
0,0
0,0
0,0
0,0
0,0
0,0
0,0
0,0
1,3
0,0
0,0
0,0
0,0
0,0
0,0
0,0
0,5
0,0
0,0
0,0
0,0
0,0
0,0
0,0
0,0
0,0
0,0
0,0
0,0
0,0
0,0
0,0
0,0
0,0
0,0
0,0
0,0
0,1
0,0
0,0
0,0
0,0
0,0
0,0
0,0
0,0
0,0
0,0
0,0
0,0
0,2
0,0
0,0
0,0
0,0
0,0
0,0
0,0
0,0
0,0
0,0
0,1
3,6
0,1
3,3
0,0
0,0
0,0
1,0
0,0
0,0
3,0
0,0
0,0
0,0
0,0
1,3
1,2
0,0
0,0
0,0
0,0
0,2
0,0
0,0
1,0
0,2
0,3
2,0
1,0
1,0
2,0
1,0
0,0
0,0
2,0
0,0
0,2
1,1
1,0
6,7
0,0
0,0
0,5
0,0
7,11
0,0
0,0
0,0
0,0
0,1
0,0
0,0
18,2
1,0
1,0
1,3
0,2
1,0
1,0
1,0
0,3
0,0
1,0
4,2
0,0
0,0
0,0
6,4
2,6
2,0
1,10
0,2
0,0
1,0
1,0
0,0
4,0
2,7
0,0
0,0
0,0
0,0
0,0
0,0
0,0
0,0
0,1
0,0
17,40
0,0
0,0
0,0
0,0
0,2
0,7
1,0
0,1
1,0
0,0
0,4
1,0
0,0
3,1
1,2
9,9
4,2
0,0
0,0
0,0
0,0
0,0
0,0
0,0
0,0
0,0
0,0
1,1
0,0
0,0
5,7
0,1
0,0
0,0
0,0
0,0
0,0
0,0
0,2
1,0
1,0
1,13
0,0
4,20
0,0
0,0
0,0
0,0
1,0
0,0
0,0
2,20
0,0
0,0
0,0
0,0
2,3
0,3
0,0
0,0
0,2
0,1
0,0
0,1
0,0
0,0
0,0
0,0
1,0
0,0
0,0
3,5
0,0
2,0
0,0
2,2
0,1
0,0
7,50
0,0
0,0
4,5
1,0
0,0
1,0
1,0
0,1
1,0
1,0
0,0
1,0
1,0
0,5
0,0
0,0
0,0
0,0
0,0
0,0
1,0
0,1
2,1
0,0
0,0
0,0
1,4
0,0
0,0
0,0
0,0
0,0
1,3
4,2
0,0
0,0
0,0
0,0
0,0
0,0
0,0
0,0
0,1
0,0
1,0
0,0
0,0
10,70
0,0
2,9
0,0
0,0
0,0
0,0
0,7
1,30
24,0
1,2
1,6
0,0
1,0
4,0
0,0
0,0
0,0
0,0
0,0
0,0
0,0
0,0
0,0
0,0
0,0
0,0
0,0
0,0
0,0
0,0
2,0
1,0
0,1
1,0
2,0
1,0
2,0
1,0
0,4
0,5
1,0
0,0
1,0
1,0
1,0
1,0
0,0
1,0
0,4
2,0
0,0
0,0
0,3
1,0
1,0
1,0
0,0
0,0
0,3
0,2
0,0
0,0
0,0
0,0
0,0
0,15
0,1
0,0
0,0
0,0
0,0
0,1
0,0
0,0
2,14
0,0
0,0
0,0
0,0
1,1
1,0
0,2
2,0
0,2
0,0
0,0
0,1
0,0
2,0
1,0
0,8
0,0
1,0
6,5
0,0
1,1
1,25
0,0
1,14
1,0
0,0
0,0
2,0
0,16
0,2
0,0
0,0
0,0
0,1
0,0
1,7
2,0
1,0
3,1
0,0
1,0
4,0
0,0
0,0
6,9
0,0
0,0
0,0
0,0
0,0
1,0
1,0
0,0
0,20
0,0
0,2
0,0
0,0
0,0
0,0
0,0
0,0
0,0
1,0
0,4
0,1
0,0
0,0
0,2
0,1
2,4
1,0
0,0
0,0
1,0
0,0
0,0
0,0
0,0
0,1
0,0
0,0
0,0
0,0
0,0
0,0
0,0
0,0
0,0
3,7
0,1
0,0
0,0
0,3
0,0
0,0
0,0
0,0
0,0
2,14
0,0
1,0
2,1
0,0
0,0
0,0
24,100
0,0
1,0
1,0
0,0
0,0
0,2
1,1
2,0
0,0
0,0
0,0
0,0
0,0
1,0
1,0
5,8
0,0
0,0
0,0
0,0
0,3
0,0
0,0
0,0
0,0
0,0
0,0
0,8
0,0
0,0
0,0
0,0
0,0
0,0
1,0
0,0
0,0
0,0
0,0
1,0
0,0
0,0
0,0
1,3
0,0
0,0
0,0
0,11
0,0
0,0
0,0
0,0
0,0
0,0
1,0
0,0
0,0
0,0
0,1
0,0
0,0
0,0
0,0
7,66
0,0
0,3
0,0
0,0
0,0
0,0
0,0
0,5
16,55
0,0
0,1
0,14
0,4
0,1
0,0
0,2
0,0
5,0
0,0
0,0
1,0
1,2
0,1
1,0
0,0
0,0
0,0
1,0
1,0
3,2
1,0
0,0
0,0
1,0
1,0
1,3
0,0
0,0
1,0
2,0
0,0
0,2
2,0
0,0
0,0
0,0
0,0
1,0
0,0
1,0
0,30
2,3
1,1
0,2
1,0
0,20
0,1
1,0
0,1
4,55
0,0
0,0
0,0
0,3
0,0
0,1
0,0
0,0
0,0
0,0
0,0
0,0
0,0
0,0
0,0
0,0
0,3
0,0
1,1
1,0
1,0
1,0
1,0
0,0
1,0
0,0
0,0
0,65
1,0
1,0
0,0
1,0
0,0
10,76
0,0
1,0
0,11
0,0
0,0
0,7
10,0
0,0
0,10
0,0
0,9
0,0
0,0
0,0
0,2
1,0
0,0
0,4
0,2
0,0
1,0
0,2
0,0
0,0
0,0
0,2
0,0
0,0
0,0
0,0
0,0
0,0
0,0
0,0
0,0
1,0
1,0
1,0
0,0
0,9
0,0
0,1
0,1
0,0
1,0
0,0
1,0
0,0
0,0
0,0
0,4
0,0
0,1
0,0
0,0
0,0
0,0
1,0
0,0
0,1
0,4
0,0
0,0
1,5
0,0
0,0
0,0
0,1
0,0
0,0
1,0
1,1
0,0
0,0
0,0
0,0
0,0
0,0
0,0
0,0
0,0
0,64
1,0
1,6
0,0
2,24
0,0
0,0
0,0
3,4
0,0
1,10
0,0
16,17
8,12
0,3
0,1
0,1
0,1
0,2
0,0
0,0
0,0
0,0
0,0
0,0
0,0
0,1
0,0
0,0
0,0
0,0
0,0
0,0
2,0
0,1
0,0
0,0
0,0
0,0
0,0
0,0
0,0
0,0
1,0
0,1
0,0
0,0
0,0
0,0
1,0
3,8
0,0
0,0
1,0
0,0
0,0
0,0
0,0
0,0
0,0
0,1
0,0
0,0
0,2
0,0
0,1
0,0
0,0
0,1
0,1
0,0
1,0
0,0
0,0
0,0
0,0
0,0
0,0
1,0
0,0
0,0
0,0
0,2
0,4
0,1
0,0
0,0
0,2
0,0
1,0
0,0
0,0
0,0
0,0
0,0
0,1
0,1
0,1
2,3
6,13
1,1
0,2
0,0
0,3
0,1
52,110
20,12
0,5
0,0
0,11
0,1
0,0
0,1
0,0
0,0
0,2
3,0
0,0
8,21
1,0
0,0
0,0
0,0
4,48
0,0
0,9
0,1
0,0
0,0
1,0
1,0
1,0
1,0
1,1
0,0
0,4
1,0
0,0
0,4
1,0
2,0
1,0
1,0
2,2
1,1
1,0
0,1
0,2
0,0
0,0
0,0
0,0
1,0
5,0
1,0
1,2
1,0
3,0
2,0
1,0
1,0
0,0
1,0
2,0
0,0
0,0
0,0
0,0
1,2
0,2
0,0
0,0
0,0
0,0
0,0
0,4
1,0
0,0
0,0
4,0
20,0
3,0
3,0
4,0
4,1
3,0
0,0
9,41
2,0
0,0
0,0
0,0
0,0
0,0
0,0
0,0
0,0
0,0
0,0
0,1
0,0
0,0
0,1
0,0
0,3
0,0
2,1
1,1
0,0
0,1
0,0
0,1
0,0
0,2
0,1
0,0
0,0
0,0
0,0
0,1
0,1
0,0
0,0
1,0
0,2
0,2
0,0
0,0
1,0
0,0
0,0
0,2
0,0
0,0
0,0
0,3
0,1
0,0
0,0
0,0
0,0
0,1
1,0
0,1
0,0
0,0
0,0
0,0
1,0
1,0
0,0
1,0
0,0
0,0
0,0
2,0
0,0
1,0
1,0
0,0
0,0
0,0
0,0
1,0
0,0
0,0
0,0
1,0
2,0
0,0
0,5
3,0
1,0
0,0
1,0
1,0
1,0
1,0
1,0
1,0
1,0
0,0
1,0
1,0
1,1
1,0
4,0
1,0
1,0
3,0
12,9
0,1
1,0
2,0
0,1
1,0
0,0
18,93
0,0
0,0
0,0
0,0
4,35
4,0
3,18
0,5
1,2
8,0
3,25
0,0
0,0
0,0
0,0
0,1
0,0
0,5
0,0
0,0
8,0
0,0
0,0
0,0
0,2
0,0
0,0
0,0
0,0
1,0
0,0
1,0
1,0
0,0
0,0
0,0
0,0
0,0
1,0
0,4
3,0
0,0
0,0
0,0
0,0
0,0
0,0
0,0
0,4
0,0
0,0
0,2
0,0
0,0
3,0
0,0
0,0
2,2
1,0
7,0
0,0
0,0
0,4
0,0
0,3
3,9
0,0
0,0
0,0
1,2
0,0
14,0
0,0
1,4
0,0
0,0
0,0
0,0
0,4
0,0
0,0
1,1
17,68
0,0
0,0
0,0
0,0
1,0
0,1
0,0
0,1
0,0
6,0
0,0
0,0
0,0
1,0
0,0
1,0
0,0
0,0
0,17
1,2
2,2
1,5
0,4
2,13
5,16
0,4
0,1
1,10
2,12
1,0
0,0
0,0
0,1
0,1
0,1
0,2
1,0
0,0
0,0
0,0
0,0
0,7
0,0
1,0
1,0
0,0
0,0
0,1
0,0
0,1
0,0
0,0
0,0
0,0
0,0
17,39
2,1
2,3
0,0
0,0
2,1
0,0
3,0
0,0
0,0
2,0
4,4
3,0
1,0
1,1
0,2
0,0
0,0
0,0
0,0
0,0
0,0
0,0
0,0
0,0
0,0
0,0
0,0
1,0
0,0
0,0
1,0
0,0
0,0
0,1
0,0
0,0
0,0
0,12
0,0
0,0
0,0
0,0
0,0
2,0
1,2
0,3
0,0
0,0
0,0
0,0
0,0
0,0
3,0
3,6
4,0
0,0
0,0
2,18
0,0
0,3
0,0
0,0
1,4
0,1
1,0
0,0
0,0
0,0
0,0
3,35
2,0
0,2
1,3
0,0
1,0
0,0
0,0
0,1
0,0
0,0
0,0
0,0
0,11
0,0
0,0
0,0
0,4
0,0
0,0
0,0
0,0
0,0
0,0
2,7
0,0
8,81
0,2
0,0
0,0
0,16
0,0
0,0
0,0
0,0
0,0
0,0
0,0
0,0
0,0
0,0
0,0
0,0
0,0
0,0
1,1
0,1
0,0
0,2
0,0
0,1
1,0
0,0
1,0
0,8
0,5
0,0
0,0
0,0
0,0
0,12
14,0
2,1
0,0
4,0
0,0
0,0
0,0
1,0
1,3
0,0
0,0
0,0
0,0
0,0
0,0
0,0
1,8
0,0
0,0
0,0
0,0
60,101
0,0
0,0
2,0
0,0
0,0
3,0
1,1
0,0
0,0
0,0
17,50
0,0
0,0
0,0
1,0
0,0
0,0
0,0
0,0
0,1
0,0
0,0
0,1
0,0
0,0
0,1
0,0
0,0
0,0
0,0
0,0
0,0
0,0
0,0
0,0
1,0
0,0
0,0
0,0
0,0
0,0
0,0
0,0
0,0
0,0
0,1
0,0
0,1
0,0
0,0
0,0
0,10
0,1
0,1
0,0
0,0
0,1
0,1
0,0
0,0
0,3
0,1
0,0
0,0
1,16
0,1
0,0
0,0
0,3
0,0
0,0
0,0
0,2
0,3
0,0
5,0
0,0
0,0
0,0
0,0
0,11
0,0
2,13
0,0
0,0
0,0
0,1
0,0
0,0
0,0
0,1
1,0
3,0
0,0
1,5
0,0
0,0
0,0
0,0
0,0
0,0
0,40
0,0
9,5
0,9
0,48
2,1
1,0
1,1
1,0
4,0
0,0
0,0
0,0
0,0
32,200
95,200
0,0
0,0
0,0
0,2
0,18
3,5
17,115
121,13
0,0
0,0
0,0
1,1
0,0
0,0
0,0
0,17
0,0
0,0
0,4
0,0
0,0
0,0
0,0
0,0
0,0
0,0
0,0
0,0
1,0
0,5
0,0
3,3
0,0
0,0
0,0
0,0
0,0
0,0
52,72
1,0
0,0
0,0
0,0
0,0
0,0
0,0
0,0
0,2
0,0
0,0
2,0
0,0
0,0
1,3
0,0
0,0
0,0
0,0
0,1
0,1
1,0
1,0
1,0
0,3
0,0
1,1
0,2
0,0
0,0
0,33
0,0
0,0
0,0
0,2
3,1
0,0
0,5
0,0
2,25
0,0
0,7
1,0
1,0
1,0
4,0
0,0
0,0
1,0
0,4
1,0
1,0
1,0
0,0
0,1
0,1
0,0
1,1
0,0
0,0
0,0
0,0
0,0
0,0
22,118
1,0
0,0
21,30
1,5
2,10
0,0
0,0
0,0
0,0
0,0
0,2
0,0
0,0
0,0
1,0
0,0
0,0
0,2
0,3
1,1
0,0
0,0
0,0
3,0
0,50
0,0
0,0
0,0
0,5
0,0
3,20
0,0
0,1
0,0
0,6
0,0
0,0
46,54
0,0
0,0
0,0
0,2
5,0
1,2
0,0
0,0
0,0
1,1
0,0
0,2
0,0
2,0
0,0
0,0
0,0
1,0
0,0
0,0
0,0
0,0
0,0
0,0
0,0
0,1
0,0
0,0
0,0
0,0
22,20
0,1
0,5
2,4
0,2
0,0
0,0
0,0
0,0
8,18
6,20
1,0
0,0
0,0
3,50
0,5
3,5
0,0
0,0
0,0
0,0
0,0
1,1
0,0
0,0
0,0
0,1
1,0
0,0
1,0
0,0
1,0
1,3
2,0
1,0
1,0
0,0
1,0
1,0
1,0
2,0
1,0
1,0
1,0
1,1
1,0
1,0
1,0
1,0
4,3
0,2
17,60
1,0
1,0
1,0
1,0
1,0
2,1
1,0
1,0
1,0
1,0
0,1
1,1
3,23
0,0
1,0
1,0
1,0
1,0
0,0
0,1
0,0
2,0
5,1
2,0
2,0
1,0
1,0
1,0
1,0
0,0
0,0
2,1
0,0
1,0
0,0
0,0
0,0
0,0
0,0
0,0
1,2
0,0
0,1
0,0
0,0
1,2
12,10
0,1
0,0
0,0
0,0
0,0
1,5
0,0
0,0
12,4
0,0
0,0
0,0
0,0
0,0
0,0
0,0
0,0
10,3
1,0
0,0
0,3
0,0
0,25
0,0
0,2
0,0
0,1
0,0
0,0
0,0
2,0
1,0
53,60
1,0
2,0
0,2
0,0
2,4
0,12
0,0
0,1
1,5
3,4
2,10
3,1
0,0
2,0
1,0
1,0
1,0
1,0
7,42
1,0
0,13
0,1
0,0
0,0
0,0
0,0
1,0
0,0
2,2
1,0
0,0
0,0
0,2
0,0
0,0
0,3
0,0
0,0
0,0
3,5
0,0
0,1
0,1
2,1
3,18
0,0
1,0
6,18
1,35
0,0
0,0
0,0
0,0
12,97
0,11
0,1
0,1
0,0
1,0
0,0
0,0
0,0
0,0
0,0
0,0
1,13
0,0
0,0
14,1
0,0
1,0
0,0
0,0
0,1
0,1
0,0
0,0
1,0
0,0
0,0
0,0
0,7
0,0
0,0
0,0
0,0
0,0
0,0
10,72
0,0
0,0
0,0
0,0
1,0
2,7
0,4
0,0
0,7
0,0
1,1
1,4
3,2
2,6
0,0
0,0
0,0
0,0
2,0
0,6
0,3
0,0
0,0
0,0
5,0
0,0
0,2
30,9
0,0
0,18
0,0
11,50
6,15
2,4
0,2
0,0
2,1
1,0
2,2
0,0
0,0
0,0
0,10
2,3
0,2
0,0
126,300
1,1
0,0
0,0
0,0
0,6
0,0
2,0
0,0
0,5
7,0
1,11
0,0
0,0
0,0
1,1
3,0
52,150
0,1
0,0
0,1
0,1
0,0
1,0
5,91
1,0
2,1
0,0
0,0
0,0
1,1
1,0
0,0
0,1
0,0
0,0
1,0
0,0
1,0
0,0
1,1
0,0
0,1
0,0
0,0
0,0
0,0
1,2
0,0
0,0
2,1
0,0
0,0
0,0
7,40
0,0
0,0
0,0
0,0
0,0
0,0
0,0
0,0
0,0
0,1
0,0
1,2
0,0
0,0
0,0
0,0
0,0
4,40
0,0
0,0
0,0
0,0
0,0
0,0
0,0
0,2
0,5
0,1
0,7
6,0
1,0
0,0
0,7
0,0
0,0
0,0
1,4
0,10
0,0
0,0
0,0
0,0
0,0
3,20
0,0
0,0
0,0
0,0
0,0
0,0
0,0
9,60
0,4
0,1
0,0
0,0
0,0
0,0
0,0
0,0
0,0
0,0
0,0
0,0
0,0
0,0
0,0
0,0
0,0
0,0
0,0
0,0
0,0
0,0
0,0
1,0
1,0
0,0
0,0
0,2
0,0
0,0
1,0
1,0
1,0
0,0
0,0
0,0
0,0
0,0
0,0
0,0
0,0
8,20
0,0
0,0
0,0
12,56
0,0
1,0
1,0
0,0
1,0
0,0
1,0
2,0
1,0
0,0
0,0
0,0
22,50
0,0
1,0
2,0
0,0
0,0
0,0
0,0
1,2
0,0
0,0
0,0
0,0
0,0
0,0
0,0
0,0
0,0
0,0
0,0
3,1
0,0
0,0
1,3
1,0
0,0
0,0
0,0
0,0
0,0
0,0
0,0
0,0
0,0
0,0
0,3
0,0
0,0
0,0
0,0
0,0
3,3
0,0
0,0
0,0
0,0
0,0
0,0
0,0
0,0
0,0
0,0
0,0
0,0
0,0
0,0
0,0
0,0
0,0
0,0
0,0
0,0
0,3
0,0
0,0
0,0
0,0
0,0
1,0
2,9
2,9
1,5
0,0
0,0
0,0
0,0
0,0
0,0
0,0
0,0
0,0
0,0
0,0
0,0
2,17
4,0
0,0
6,20
2,3
1,4
0,0
0,0
0,0
2,33
1,0
9,15
17,120
2,15
0,0
0,0
0,0
1,5
0,0
2,2
0,0
1,0
1,0
1,36
1,0
1,0
1,0
1,0
2,0
0,0
1,0
0,0
22,45
0,0
0,0
1,17
0,0
2,0
0,0
0,0
1,2
1,0
1,0
0,0
0,0
0,0
0,0
0,0
0,0
0,0
0,0
0,0
0,0
0,2
0,0
0,0
0,0
0,0
0,0
1,0
1,8
1,0
2,0
0,0
0,0
3,12
0,0
0,0
0,0
0,0
0,0
0,0
1,6
28,450
25,300
0,0
0,1
0,0
0,0
0,0
0,0
0,0
0,0
0,0
0,1
0,0
0,11
0,0
4,9
0,0
0,0
0,0
0,7
10,0
2,0
0,0
0,0
1,7
15,96
0,0
1,36
1,36
1,36
1,36
1,36
2,21
1,3
1,17
0,0
0,12
0,0
2,10
1,8
3,29
0,0
1,0
3,0
0,0
1,0
2,0
0,0
1,1
0,2
0,0
0,0
4,0
0,0
1,0
1,1
0,2
1,0
0,5
0,1
2,37
0,1
0,0
0,0
0,0
0,0
0,0
1,1
0,1
0,2
4,1
0,0
1,1
0,6
0,6
0,0
1,0
0,0
0,0
0,0
0,0
1,13
2,14
0,2
0,0
1,2
0,0
0,0
2,7
6,8
1,2
0,1
0,1
0,0
0,0
0,0
0,4
2,4
0,0
0,0
0,0
0,0
0,0
0,0
0,0
0,0
0,0
1,0
0,0
1,0
2,5
1,40
0,0
1,0
0,4
1,0
0,0
0,0
0,25
0,0
0,0
0,0
0,0
2,0
2,0
2,4
0,0
0,0
0,0
7,1
2,2
0,4
1,2
3,1
1,0
0,2
0,0
0,0
0,0
0,0
0,0
0,0
0,4
0,0
0,3
0,0
1,0
0,0
0,0
0,0
0,0
1,1
0,0
0,0
46,165
1,73
1,0
1,0
0,0
0,0
0,0
0,0
5,0
1,0
0,0
0,0
0,0
0,0
6,14
0,0
0,0
0,0
0,0
0,0
1,3
0,0
0,0
0,0
0,0
0,7
17,33
9,10
1,7
0,0
1,0
1,0
0,3
1,4
1,0
0,0
0,0
0,0
0,0
0,0
0,0
0,0
0,0
10,20
0,0
0,1
0,0
1,0
0,2
2,1
1,0
1,0
3,1
0,0
0,0
0,0
5,26
0,0
0,0
0,0
0,2
0,0
1,0
0,0
0,0
0,0
0,0
0,0
0,0
0,0
0,0
0,0
0,0
0,0
0,0
0,0
0,0
0,1
0,0
0,0
0,0
0,0
0,0
0,0
0,1
1,0
0,0
1,0
1,0
0,0
1,0
1,0
10,30
14,87
0,2
0,0
0,0
1,0
2,8
0,0
0,0
0,2
0,0
0,0
1,0
2,1
1,0
0,0
0,0
8,35
1,3
0,0
4,36
0,0
0,0
5,12
1,1
4,15
0,0
0,0
1,0
2,0
0,3
1,0
0,0
0,0
0,0
1,2
0,2
0,0
0,2
2,6
0,3
0,0
0,0
1,1
0,0
0,0
2,0
0,1
0,0
0,0
0,18
0,0
1,5
1,4
2,0
0,0
0,0
1,0
0,0
0,1
1,0
0,0
1,0
0,0
0,0
0,0
0,0
1,0
0,0
12,35
0,2
0,0
0,0
0,0
0,1
0,1
3,0
1,0
0,1
0,0
0,1
3,6
3,10
3,16
2,21
0,0
1,0
0,0
0,0
0,0
7,12
17,50
0,13
0,0
0,35
0,0
1,0
1,1
1,0
0,0
0,0
0,0
2,0
4,36
1,0
1,3
1,1
1,2
0,0
0,0
0,0
0,0
1,0
2,3
1,1
0,0
3,11
2,1
0,0
0,11
11,50
0,0
1,1
0,4
0,0
2,1
1,4
0,0
1,0
0,0
0,0
2,0
0,4
9,45
0,5
117,221
0,0
0,0
0,0
0,2
6,4
0,0
0,0
3,10
0,0
0,0
0,2
4,40
0,0
2,0
0,0
0,0
0,0
4,4
0,6
0,2
6,7
4,3
0,0
0,0
2,0
1,0
40,122
2,3
13,0
0,0
1,1
0,1
0,0
0,0
0,0
3,8
0,0
0,0
55,67
0,0
2,1
20,0
1,0
0,0
0,0
0,0
0,0
0,0
0,0
0,0
0,0
0,0
0,0
0,0
0,0
0,0
10,30
1,8
0,0
0,1
3,1
0,0
0,0
0,0
0,4
2,0
11,3
0,0
1,21
4,3
0,0
0,0
0,0
0,0
0,1
1,1
0,0
0,1
1,3
1,1
12,0
0,2
0,1
3,0
0,0
0,0
10,200
6,25
17,12
2,1
11,6
4,6
5,10
0,0
0,0
0,0
3,15
1,14
0,0
0,0
0,22
0,0
2,0
2,4
0,6
0,4
2,9
8,17
0,2
0,2
0,1
0,0
0,0
0,9
1,17
0,0
0,0
0,0
0,1
0,0
3,4
0,0
0,0
0,0
0,0
1,2
2,4
0,0
0,0
0,0
1,7
11,100
3,2
0,0
0,4
0,3
3,8
0,4
0,20
0,0
1,13
0,0
0,0
2,6
17,25
3,3
5,1
0,15
0,0
0,0
0,0
0,0
19,90
4,3
0,0
1,30
0,3
3,5
0,26
4,0
8,17
5,0
3,0
1,11
0,0
0,0
0,0
0,0
0,0
6,10
0,0
0,4
0,0
2,0
1,1
0,5
3,2
1,0
1,5
1,0
0,0
1,8
0,0
0,1
0,0
0,0
9,60
0,0
0,4
0,0
10,45
0,0
0,5
2,0
0,22
0,0
0,1
1,0
4,26
0,0
5,20
5,44
1,4
0,1
0,0
0,0
0,4
0,0
0,0
0,0
2,1
0,2
3,0
0,0
0,3
0,0
0,0
0,3
1,0
0,0
0,1
0,25
3,4
2,10
6,22
0,5
2,0
0,5
0,5
0,1
0,16
0,6
0,5
0,0
2,0
0,16
0,4
0,0
0,4
8,14
4,43
1,10
2,7
0,4
0,2
2,4
0,1
1,0
22,47
1,51
0,3
10,20
0,0
7,30
3,2
21,60
23,70
2,10
3,21
10,25
0,0
26,49
8,28
3,8
3,23
4,21
4,2
0,0
0,0
0,0
0,0
0,0
0,0
0,0
0,1
0,0
6,7
0,1
0,0
0,0
0,0
0,0
0,2
0,0
0,0
6,13
1,2
0,0
0,0
0,2
0,3
1,4
0,1
2,0
0,0
0,0
0,0
239,60
47,50
0,0
0,0
0,0
0,1
0,0
0,0
1,2
0,0
0,0
1,1
5,20
0,0
0,0
0,2
0,0
2,6
1,0
1,0
0,0
1,0
1,1
0,0
0,0
0,0
0,0
0,1
3,0
2,0
0,1
1,0
0,2
0,4
0,15
0,2
0,4
6,6
0,0
0,0
0,4
2,9
2,0
0,0
1,9
12,0
0,0
0,3
0,2
0,0
4,1
0,0
0,0
0,0
0,0
1,1
3,0
0,0
1,5
0,1
0,0
0,0
0,0
0,0
0,0
0,0
7,35
1,1
0,0
0,0
0,0
0,0
0,0
3,2
3,10
0,0
0,0
0,0
0,0
0,0
0,1
1,0
1,0
1,0
0,0
0,0
2,3
1,4
1,0
1,0
0,0
0,1
1,0
0,0
0,0
0,3
2,2
9,0
0,0
0,0
0,0
0,0
2,0
0,0
0,0
1,5
0,0
0,0
0,28
0,1
2,19
2,2
0,0
2,0
0,0
1,7
0,0
0,0
0,0
0,2
0,0
2,1
0,0
0,0
4,0
0,1
0,0
0,0
0,0
0,0
0,0
0,0
0,0
1,0
8,2
0,0
0,0
3,12
1,1
0,0
2,0
3,3
2,7
0,0
0,0
0,0
0,1
1,0
1,2
0,0
0,2
0,0
0,0
0,0
0,0
0,1
0,1
0,0
0,0
0,0
0,0
0,0
0,0
0,0
0,0
0,0
0,0
1,0
0,0
0,0
0,2
3,1
1,0
0,0
0,6
47,130
1,5
191,600
1,0
0,0
0,0
0,0
1,0
3,10
0,0
0,0
3,0
0,0
3,11
0,0
0,0
0,3
0,0
0,0
0,0
0,0
0,0
0,0
1,0
0,0
0,0
0,0
0,0
0,0
2,0
0,0
0,0
0,0
1,0
2,0
0,0
0,0
0,0
0,1
1,0
0,0
0,0
0,0
2,2
0,0
0,0
0,0
0,0
0,0
0,0
0,0
0,1
0,0
1,1
0,0
0,0
0,0
0,0
0,0
10,56
0,0
2,3
2,0
0,0
0,0
1,2
2,1
1,0
1,0
0,0
0,0
0,0
0,0
0,0
0,0
0,0
0,0
0,0
1,0
0,0
0,0
0,0
0,0
0,0
0,0
0,0
0,0
0,0
0,0
0,0
2,0
2,1
0,0
13,149
5,0
0,0
0,0
0,0
1,0
0,0
1,4
7,7
0,0
0,1
0,0
0,3
73,200
5,148
0,0
2,1
4,1
3,3
0,1
0,0
0,0
2,0
0,0
6,0
0,1
1,4
0,0
5,0
0,0
6,19
0,0
0,1
3,0
2,1
0,0
0,0
0,0
2,0
0,0
0,0
0,0
0,0
0,0
1,0
1,0
7,74
1,0
1,0
0,2
1,0
1,1
1,1
0,0
0,0
0,2
2,2
4,5
2,1
0,0
0,0
20,80
23,150
0,10
0,0
1,0
0,0
0,0
0,0
1,0
2,0
9,38
0,0
2,4
1,2
0,3
8,40
1,2
1,0
0,3
2,19
1,1
1,0
0,0
1,1
0,1
7,1
0,0
3,15
0,0
0,3
0,0
5,13
0,0
0,0
0,3
0,0
0,1
0,1
0,0
0,2
0,0
0,0
0,0
1,0
0,0
0,0
2,0
11,18
0,1
4,0
0,1
0,0
1,0
3,1
0,0
0,0
22,25
1,14
1,3
0,0
0,0
0,0
1,3
11,71
0,0
0,0
0,0
0,0
13,8
0,0
7,10
0,0
3,50
1,3
1,0
0,1
1,0
0,1
0,1
0,0
0,1
1,0
0,17
1,0
0,6
0,0
0,0
0,0
9,25
1,0
1,1
4,2
0,0
0,0
0,0
0,0
0,2
0,0
6,82
0,0
0,0
0,0
1,0
0,0
0,1
2,0
0,0
0,0
2,0
0,1
0,0
0,3
0,0
1,0
0,0
0,0
1,1
0,0
13,60
1,2
0,0
0,0
12,13
1,0
0,0
0,0
35,138
2,5
1,0
3,7
1,8
1,0
1,0
0,0
1,2
1,0
0,0
0,0
0,0
4,22
0,1
0,0
0,1
0,0
0,0
1,14
0,0
1,4
0,0
0,1
6,4
1,1
2,0
4,21
0,3
0,3
4,15
1,0
0,0
0,0
0,0
1,3
0,0
0,0
0,0
0,0
0,3
0,0
0,0
0,0
0,0
0,0
0,0
0,0
0,0
1,15
0,0
0,0
0,0
0,0
5,24
0,0
0,0
0,0
0,0
0,0
0,0
0,0
0,0
0,0
0,0
1,1
0,0
0,0
2,2
1,0
1,0
0,0
0,1
0,0
0,0
0,0
0,0
0,0
2,0
0,0
0,0
0,1
0,0
0,0
1,0
0,0
0,0
0,0
0,2
0,0
0,0
0,3
0,1
0,0
1,2
0,0
0,0
0,0
2,0
1,4
0,0
0,2
0,0
1,8
5,1
0,0
3,24
2,0
0,6
1,21
24,125
0,2
3,11
21,50
2,27
2,2
0,4
1,1
0,0
2,0
0,3
3,0
4,6
0,0
10,4
3,0
7,0
0,0
2,0
0,0
0,0
1,2
1,0
0,0
1,13
4,45
0,5
2,1
3,49
0,10
1,0
0,0
1,0
5,0
2,0
0,0
34,0
0,0
0,0
0,0
0,0
0,0
13,5
0,0
2,2
0,7
1,2
1,2
0,0
0,0
1,2
4,1
1,3
0,3
1,27
2,11
0,4
12,12
5,15
0,19
0,14
4,24
0,23
1,0
2,0
1,0
0,0
0,1
0,2
0,0
0,0
3,0
1,0
0,7
0,0
0,0
0,0
0,0
0,0
3,7
2,0
0,0
2,0
0,0
0,0
0,0
0,0
0,0
1,15
1,2
0,0
0,0
0,0
0,4
0,0
0,0
1,0
1,0
0,0
1,0
0,0
0,0
0,0
0,0
1,7
9,20
0,70
3,100
1,0
9,50
1,4
2,5
0,0
1,0
0,0
1,3
3,1
1,1
2,6
0,0
0,0
0,0
1,1
0,0
0,0
0,11
0,35
0,0
0,2
0,0
1,1
0,3
1,1
0,4
0,0
0,0
0,0
0,0
0,0
0,0
2,9
0,0
0,0
0,0
0,0
1,30
3,1
1,0
0,1
5,1
5,50
0,0
0,0
0,2
0,7
2,3
2,39
6,5
2,0
2,0
0,0
5,31
0,1
0,1
1,6
0,2
0,2
0,2
2,0
0,0
1,0
5,2
6,7
0,0
0,0
0,0
0,5
0,5
0,1
0,0
0,0
0,1
0,0
0,0
1,0
0,0
1,0
1,0
0,0
1,0
1,0
1,0
0,0
15,20
0,7
0,4
46,0
1,25
0,0
0,7
0,0
1,0
0,4
0,1
0,2
0,0
0,0
1,0
1,0
1,0
0,0
2,5
0,0
0,0
0,1
0,0
0,0
0,0
0,0
0,0
0,0
11,50
331,727
3,1
0,0
0,3
0,2
2,15
0,0
3,2
0,0
40,22
2,10
0,0
10,182
0,0
0,1
0,1
2,0
0,1
0,0
0,0
0,0
0,0
0,0
2,0
0,1
0,0
3,4
0,1
0,0
0,2
0,14
1,3
8,13
10,22
1,1
0,2
0,0
0,0
1,5
0,0
0,0
0,0
0,0
0,0
0,0
0,14
1,0
0,0
0,0
0,0
0,0
3,1
0,1
0,0
0,1
2,1
0,1
1,0
0,0
0,0
0,0
0,0
0,0
2,0
0,0
1,0
0,1
0,0
0,6
0,0
3,0
2,2
0,0
1,0
70,56
2,0
2,0
0,0
0,0
1,0
0,35
0,0
1,1
0,0
0,0
2,3
2,2
1,1
0,1
9,60
0,0
2,2
1,2
5,8
0,0
0,0
0,0
2,17
0,0
0,1
0,0
0,0
0,0
0,0
0,1
0,0
1,1
10,40
2,0
0,3
0,0
2,1
0,5
0,0
0,1
2,0
0,0
3,0
0,0
1,2
1,32
0,0
0,0
1,0
3,5
10,27
2,0
0,0
1,0
14,37
2,2
0,2
1,3
0,6
0,3
0,0
0,1
0,0
0,0
1,0
0,0
10,76
2,17
0,0
0,0
0,0
0,0
0,0
0,0
0,3
0,1
0,0
0,0
5,2
0,10
0,7
3,6
2,37
0,7
2,2
1,0
1,0
1,0
0,1
8,5
0,0
1,12
0,35
5,2
0,1
0,0
0,0
0,0
0,2
9,50
0,0
0,0
0,0
0,0
1,0
0,0
1,0
0,0
1,2
0,0
0,2
0,0
0,0
0,0
0,0
0,0
0,0
0,0
0,0
0,0
0,20
0,3
0,0
0,0
0,0
8,50
0,0
1,0
0,0
1,6
1,0
5,9
19,300
0,25
0,0
1,11
0,0
0,0
0,4
1,6
0,0
0,0
0,0
0,0
1,0
0,0
1,0
9,0
0,0
0,0
0,0
1,0
0,0
0,0
1,0
0,0
1,0
0,0
0,0
0,0
0,0
0,0
0,0
6,10
1,0
1,0
2,0
0,0
0,0
0,0
0,0
0,0
0,0
0,2
0,0
0,0
2,0
1,0
0,0
1,0
0,0
1,14
1,0
0,0
1,5
1,1
0,2
0,0
0,0
0,0
3,1
2,0
0,0
0,0
1,0
0,0
0,0
4,0
4,9
1,0
17,30
0,0
1,2
2,1
0,0
0,0
0,0
1,2
0,0
0,0
0,6
0,0
2,22
0,0
1,15
0,0
0,0
5,21
1,2
3,0
0,0
30,50
0,0
0,0
0,0
0,0
2,0
1,0
2,0
38,100
0,4
1,0
1,47
3,2
4,14
0,1
0,1
0,1
1,0
1,0
0,0
0,0
0,0
0,0
1,5
1,0
6,0
0,0
1,0
0,0
1,0
0,0
4,16
10,3
3,25
12,60
10,40
13,23
1,0
0,0
0,2
118,9
6,18
1,0
1,0
1,0
27,40
1,0
5,10
0,0
0,0
1,2
0,0
0,0
0,4
1,0
4,7
2,0
1,0
3,0
0,0
0,2
0,0
1,0
0,0
6,0
0,0
0,0
10,26
0,2
1,0
0,0
0,0
0,0
0,1
0,0
1,1
0,0
3,0
0,2
0,0
0,0
1,0
1,0
1,0
0,0
0,2
0,0
1,1
0,0
12,2
2,1
0,0
0,0
0,0
0,0
1,0
0,9
2,0
0,0
0,0
2,4
7,0
0,3
1,3
1,2
0,0
0,0
0,4
0,0
0,1
0,0
0,1
0,0
0,0
0,0
0,2
0,0
0,0
0,0
0,0
0,0
0,0
0,0
0,2
0,0
0,0
0,0
0,0
0,0
1,2
2,0
1,0
15,8
0,9
0,3
0,1
0,0
1,0
7,19
0,0
0,6
34,159
0,0
1,0
0,0
0,0
2,12
0,0
0,0
1,0
0,9
0,0
0,0
0,0
0,0
0,3
0,0
0,0
0,0
1,0
0,12
1,2
8,29
1,1
1,0
1,1
0,0
0,0
0,0
0,0
0,0
4,1
0,2
0,0
0,0
0,0
0,0
0,0
0,0
0,0
2,0
0,0
0,0
0,0
0,0
1,0
0,1
0,0
1,0
0,0
4,0
1,0
4,0
0,0
1,0
3,32
0,0
3,0
3,0
2,0
0,0
1,0
0,0
12,0
0,0
0,0
1,2
2,0
0,0
1,10
0,0
1,9
0,1
0,0
0,0
0,0
0,0
1,6
0,4
0,0
0,7
2,15
0,0
16,85
1,0
0,0
0,0
1,0
3,0
0,0
0,0
0,0
2,0
0,0
1,0
0,0
0,3
0,0
0,0
0,0
3,0
1,0
1,4
0,0
3,1
7,42
2,0
0,0
0,2
0,0
0,0
0,0
0,0
0,0
0,3
1,0
0,0
2,0
1,0
0,0
1,2
4,0
0,3
0,2
1,1
2,4
2,0
0,0
2,3
4,0
0,0
0,0
0,0
0,0
1,0
0,0
0,0
1,0
21,30
0,0
0,1
0,0
1,2
0,0
0,0
0,0
2,1
1,1
0,0
0,0
0,0
2,0
0,3
0,0
0,0
2,3
0,0
0,0
0,0
0,3
1,0
0,1
0,10
1,0
1,1
0,18
1,0
0,0
0,0
30,0
0,0
1,0
0,0
0,0
4,0
0,0
1,0
1,0
0,0
0,0
0,0
0,0
0,0
0,0
0,0
0,0
0,0
2,2
1,0
4,45
1,0
1,0
0,0
0,0
0,0
0,0
0,0
1,0
1,0
0,0
0,0
0,0
1,1
0,0
0,0
0,0
0,0
0,0
0,0
10,0
0,0
0,0
3,1
0,0
3,0
0,0
1,0
0,0
0,0
0,0
0,0
0,9
0,0
0,0
0,0
0,0
0,0
0,0
0,0
1,50
2,4
1,0
1,0
0,0
1,2
0,0
0,0
4,10
19,15
0,4
0,2
0,0
0,0
0,0
0,0
0,6
0,0
0,0
0,0
0,0
0,0
0,0
0,0
0,0
0,0
0,0
0,0
0,0
0,0
0,0
0,0
3,0
2,1
1,0
3,15
5,20
47,114
1,0
0,5
0,0
0,0
0,0
0,0
0,0
0,0
0,0
34,60
0,0
0,0
0,0
0,0
0,0
0,0
0,0
2,20
0,0
0,16
1,0
0,0
0,16
0,0
0,0
0,1
1,8
0,2
2,0
0,0
1,0
1,3
0,0
1,0
4,0
0,0
0,0
2,0
0,0
0,0
1,0
0,0
1,0
0,0
0,0
2,0
2,4
0,0
0,0
0,0
0,0
0,1
0,0
1,4
0,0
2,0
0,0
0,0
1,0
4,0
0,0
0,0
0,0
2,0
1,0
0,0
0,0
2,1
1,4
0,0
0,0
4,0
0,0
0,0
0,0
0,0
0,0
0,0
0,0
4,15
0,0
0,0
1,0
0,0
0,0
0,0
0,0
4,1
1,0
0,0
0,0
0,0
1,0
0,0
0,0
0,0
12,10
6,5
0,0
0,0
0,0
0,0
0,0
0,0
0,0
0,0
0,0
3,0
0,0
1,0
0,0
1,3
0,0
0,0
0,0
0,0
0,0
1,0
1,0
3,20
0,0
0,0
2,0
2,0
0,0
18,19
3,7
0,0
0,0
0,0
0,0
1,0
1,2
0,0
2,2
0,1
0,0
0,0
0,0
0,0
0,0
0,0
0,0
0,0
0,0
0,0
15,25
17,13
9,15
0,6
0,0
0,0
0,0
0,0
0,1
0,2
0,0
0,0
0,0
0,0
0,1
1,0
0,3
0,0
0,0
0,0
2,0
0,0
0,0
3,8
0,0
0,0
0,0
0,0
0,0
0,0
0,1
0,0
0,0
0,0
0,2
0,1
2,0
0,2
0,1
0,0
0,0
0,0
0,0
0,0
0,0
0,0
0,0
0,4
0,0
0,0
0,0
0,0
0,0
0,0
3,0
1,1
0,0
0,1
0,1
0,0
0,0
0,0
0,0
0,7
1,2
0,0
0,0
0,0
0,0
0,0
0,1
13,15
0,0
0,0
0,0
0,0
0,0
0,0
0,0
2,2
0,0
0,0
0,0
1,0
1,1
0,0
0,0
7,13
0,0
0,0
0,0
0,0
0,0
0,0
0,0
168,500
1,2
106,233
65,320
0,0
0,0
0,0
0,0
0,0
0,0
0,0
1,2
12,40
2,0
2,0
20,40
4,9
1,0
1,0
1,0
1,6
3,8
1,8
1,2
2,0
2,5
0,0
0,0
0,0
0,0
0,0
0,0
0,0
0,0
0,0
0,0
0,0
0,0
13,10
0,0
1,8
0,9
4,4
0,4
4,0
0,0
2,0
0,5
0,0
1,0
0,0
0,0
0,0
0,0
0,0
0,0
0,6
2,1
0,0
0,0
0,0
0,0
0,0
0,0
0,0
0,0
0,0
3,0
50,91
14,50
0,0
0,0
2,1
0,0
0,0
3,0
4,0
0,0
0,0
0,0
9,38
0,0
0,2
12,5
0,0
16,40
0,0
45,32
0,0
1,1
2,0
2,0
4,6
42,62
0,4
0,0
0,0
0,0
1,0
0,0
1,4
4,2
2,4
0,0
2,10
0,0
3,0
0,0
0,0
0,0
0,0
1,3
0,0
0,0
1,1
1,0
0,4
1,1
1,5
7,0
0,0
0,0
0,0
0,0
0,0
0,0
0,0
0,0
0,3
0,1
0,0
0,0
0,0
0,0
0,0
0,3
0,0
0,0
0,0
0,0
4,20
0,0
0,0
0,1
1,0
1,0
0,0
0,1
0,0
0,0
1,8
0,0
0,0
0,0
0,0
1,0
2,0
0,0
0,0
1,0
0,0
0,0
1,0
1,0
0,1
0,6
0,2
0,2
0,0
13,7
3,2
0,0
1,19
2,5
0,0
1,0
1,0
19,50
1,0
6,30
0,0
2,0
0,0
1,0
1,0
1,0
1,15
0,0
0,0
1,1
1,0
1,0
15,58
0,0
1,0
0,0
0,0
0,1
3,1
0,1
0,0
0,0
0,0
0,0
0,0
0,0
4,25
4,0
13,50
9,19
29,18
1,2
1,0
0,0
0,0
0,0
0,0
1,0
9,13
0,0
0,0
1,0
1,0
0,1
0,0
0,0
0,0
2,0
1,0
26,0
0,0
0,0
1,0
1,2
0,0
0,0
0,0
0,0
0,0
0,0
0,0
2,6
1,4
0,0
1,0
0,0
0,0
0,0
0,0
0,0
0,0
0,0
0,0
0,0
0,0
0,0
0,0
0,0
0,4
2,0
3,3
1,1
1,0
1,0
0,0
0,0
3,0
1,0
0,2
2,4
0,0
0,0
0,2
1,0
2,0
0,0
0,0
0,0
0,0
0,0
0,0
1,1
0,0
0,0
0,0
0,0
0,0
0,0
0,0
0,0
0,0
0,0
0,0
0,0
0,0
0,0
1,2
2,0
1,0
1,0
1,0
12,0
1,3
1,0
3,0
1,10
5,20
2,1
1,4
1,0
4,0
1,0
1,0
1,0
1,0
2,0
3,0
0,0
0,0
1,0
0,0
0,0
2,10
2,0
10,60
1,0
0,1
0,0
0,0
1,0
1,0
0,0
0,0
0,0
0,0
0,0
0,0
0,0
0,0
0,0
0,0
0,0
20,25
2,0
1,0
7,13
2,0
0,0
0,0
0,0
0,0
0,2
0,3
0,0
0,1
1,1
0,1
0,0
0,0
0,0
1,2
0,0
5,19
1,0
1,0
2,3
1,0
1,0
1,1
1,0
1,3
0,0
0,2
0,0
0,0
1,0
0,0
3,0
3,0
0,0
2,1
0,0
0,0
0,0
1,0
0,0
0,0
0,0
0,0
0,0
0,0
0,0
0,0
0,0
0,0
0,0
0,0
0,0
0,0
3,0
1,0
0,0
1,0
1,0
2,0
0,0
0,0
0,0
1,0
2,0
2,1
0,0
0,0
1,0
1,0
2,7
0,0
0,0
0,0
0,0
0,0
0,0
0,0
0,0
0,0
0,0
0,0
0,0
8,12
0,0
0,0
1,0
1,0
1,0
1,0
1,0
2,0
1,0
1,0
0,0
1,6
6,0
1,0
0,0
6,0
1,0
0,0
1,0
1,0
1,0
0,0
0,0
0,0
4,5
0,0
0,0
0,0
1,0
0,0
0,0
4,0
0,0
1,0
1,0
3,0
7,38
9,15
0,0
1,0
3,1
2,4
2,1
2,0
0,1
3,2
1,2
1,2
10,20
1,0
1,0
0,0
0,0
0,0
0,0
1,0
0,0
0,0
0,0
1,0
4,0
2,0
1,2
2,2
0,0
1,0
3,0
0,0
2,3
3,1
0,0
3,0
0,0
3,0
0,0
0,0
0,0
0,0
0,0
0,0
0,0
1,0
2,0
1,3
0,2
0,0
0,0
0,0
3,0
1,0
0,0
0,0
0,0
0,1
0,0
4,8
1,0
1,0
1,0
0,0
0,0
5,0
0,0
0,0
0,0
0,0
0,0
0,0
0,0
0,0
0,0
0,0
0,0
0,0
0,0
0,0
2,8
18,21
2,3
1,1
1,1
0,0
1,0
2,0
1,2
0,0
0,3
0,0
2,0
2,6
0,0
0,0
0,0
0,0
0,0
0,0
0,0
0,0
14,42
0,4
0,0
0,0
1,0
1,0
12,16
0,2
0,0
0,0
0,0
1,10
1,0
0,3
0,0
0,0
0,0
1,0
2,0
1,0
1,9
0,0
3,0
0,0
0,0
0,0
7,0
1,0
1,0
2,0
2,0
2,0
0,0
0,0
0,0
0,0
0,0
1,0
0,8
0,0
0,0
1,0
1,0
3,0
1,0
1,0
0,5
1,0
0,3
0,0
28,12
40,140
10,60
4,16
0,1
0,2
0,1
1,59
0,0
0,0
0,0
1,0
1,8
1,0
0,0
0,0
0,0
0,0
0,0
0,0
15,30
0,0
0,0
0,0
0,0
0,0
0,0
2,0
2,1
0,0
0,0
0,0
0,0
0,0
0,0
0,0
0,0
0,0
0,0
0,0
0,0
0,0
0,0
0,0
0,0
0,0
0,0
0,2
0,0
1,0
1,0
0,0
17,70
0,0
0,0
5,9
1,0
0,0
1,0
0,0
0,0
0,0
0,0
0,0
0,0
0,0
1,0
11,0
0,0
0,0
4,11
1,3
1,0
1,0
1,0
0,0
0,0
0,2
0,3
0,1
0,2
0,0
0,0
7,4
0,0
0,0
1,0
0,0
0,0
0,0
0,4
1,3
1,0
1,0
1,0
0,0
0,0
0,0
0,0
1,0
0,0
0,0
0,0
0,0
0,0
0,0
1,7
2,0
0,3
0,2
0,0
2,2
1,2
2,2
1,0
1,0
0,0
1,0
2,2
0,0
0,0
6,53
3,3
5,0
0,0
1,0
0,0
0,0
5,0
0,0
0,0
0,0
0,0
0,0
21,67
0,1
0,0
0,0
0,0
0,0
0,5
0,0
0,0
0,3
0,0
0,0
0,0
0,0
0,0
0,0
0,0
0,0
0,4
0,0
1,0
0,1
2,0
0,0
1,1
1,4
0,0
0,0
0,0
0,0
0,0
0,0
0,0
0,0
1,0
0,4
0,0
0,0
3,0
4,0
0,0
1,0
0,5
0,0
0,0
0,3
2,4
9,5
2,10
2,5
3,9
2,16
2,5
3,2
4,0
4,14
1,1
4,0
4,8
2,1
3,0
0,0
0,0
0,0
0,0
0,0
0,0
0,0
0,0
0,0
0,0
0,0
0,0
0,0
0,0
0,0
0,0
2,0
0,0
0,0
0,0
0,0
0,5
12,0
0,0
1,0
3,34
0,0
1,0
2,0
0,0
0,0
12,0
0,1
3,0
2,0
1,0
19,14
4,2
6,0
1,0
2,0
2,29
0,0
1,4
0,0
0,0
0,0
0,22
0,0
1,1
0,0
0,0
0,0
0,0
13,6
15,17
3,5
1,0
3,0
0,0
1,0
0,0
0,1
0,0
0,0
2,0
0,0
1,0
1,0
5,0
3,0
0,0
1,0
1,0
5,0
0,2
0,0
1,0
0,42
1,0
2,1
3,0
4,2
0,1
21,27
3,0
2,0
2,0
1,0
2,0
1,0
0,0
0,5
24,0
1,3
1,0
0,0
0,0
0,0
0,0
0,0
0,0
0,0
0,0
0,0
1,0
13,23
14,65
0,0
0,0
0,0
1,1
2,0
2,0
19,26
3,0
1,0
0,1
2,0
0,0
0,0
0,0
1,0
2,0
1,0
1,1
1,0
2,1
1,0
0,0
0,0
0,0
2,2
1,0
0,0
0,0
0,0
0,0
0,0
0,0
0,0
0,0
0,0
0,0
1,0
2,2
0,0
1,0
1,1
1,0
1,0
1,0
8,0
1,0
0,0
0,0
0,0
0,0
0,1
2,0
3,0
2,0
0,1
1,1
2,1
3,0
1,4
4,0
0,0
0,0
0,0
0,0
2,5
4,0
17,23
10,10
3,5
2,0
2,1
0,2
0,1
0,2
1,0
1,0
6,74
3,33
1,5
0,0
0,4
0,6
0,0
1,0
1,25
0,6
1,2
1,1
1,0
0,0
1,0
6,50
0,0
0,0
0,6
0,0
0,0
0,1
0,0
0,0
0,0
0,0
0,0
17,41
8,55
1,0
1,0
6,55
8,10
2,1
8,40
0,0
2,0
0,2
1,0
1,0
1,0
1,0
1,0
2,0
2,0
0,1
3,30
4,0
0,0
1,3
7,2
1,1
2,14
16,22
2,4
3,8
1,0
2,1
2,1
1,1
1,0
0,2
0,0
0,0
3,0
0,0
0,0
3,26
0,0
0,0
0,0
0,0
5,50
2,3
0,5
2,0
8,2
0,0
0,3
125,140
1,2
1,0
1,0
1,0
2,0
6,5
1,0
0,0
0,2
8,28
2,0
0,0
1,1
1,0
1,0
1,0
2,0
3,0
1,0
2,0
0,0
0,0
7,15
2,18
0,0
2,0
0,6
0,0
0,0
1,4
0,0
1,1
0,1
1,1
0,0
0,0
0,0
0,0
0,0
0,0
0,0
0,0
0,0
3,4
0,0
0,4
0,0
11,20
3,0
1,0
0,1
1,0
0,0
1,0
0,0
0,0
0,0
1,0
1,0
1,3
0,0
1,0
1,0
0,0
0,0
1,0
4,40
1,3
2,0
0,0
1,3
1,0
1,0
0,0
1,2
0,0
0,0
0,0
0,0
0,0
3,0
1,0
0,1
1,0
1,0
4,1
1,1
3,0
53,100
0,2
0,0
1,0
3,1
0,0
0,0
2,1
1,0
0,5
5,0
0,0
0,1
0,2
1,3
4,6
0,3
0,0
2,2
2,4
0,0
1,2
0,0
0,0
0,1
0,0
1,0
0,1
1,0
0,0
0,1
1,0
1,1
1,0
1,0
0,0
1,1
1,3
4,0
1,0
1,0
2,0
1,0
1,0
0,3
2,4
0,5
0,0
0,0
0,1
1,12
1,0
0,6
0,0
1,1
3,2
2,14
1,0
4,7
1,0
4,2
0,2
2,1
0,1
0,0
1,16
0,0
1,3
0,2
0,0
0,0
0,0
0,7
0,1
1,1
0,1
0,0
0,0
1,0
0,0
0,0
0,0
0,0
0,0
0,0
2,19
2,26
1,17
0,2
2,8
0,0
0,0
1,0
2,6
1,1
0,0
1,5
3,5
0,0
0,0
1,7
1,11
0,0
0,0
0,0
1,0
0,0
1,0
0,11
0,0
0,0
0,5
0,1
0,0
0,2
2,0
2,3
2,0
6,10
0,0
1,0
0,1
1,17
0,0
1,2
3,0
0,8
0,0
0,0
5,0
7,9
1,4
12,14
0,0
2,7
6,11
1,2
1,2
2,0
2,0
3,0
0,3
2,7
1,40
1,20
15,35
0,0
1,21
6,16
0,0
1,0
0,7
0,3
1,0
1,0
0,0
0,0
0,0
0,0
0,0
0,0
0,0
0,0
0,0
3,0
1,3
1,0
2,1
0,0
7,2
1,0
1,0
0,0
0,0
0,0
0,0
1,0
1,0
1,0
0,4
0,0
3,0
4,0
0,1
5,70
0,0
0,1
0,0
5,3
1,0
2,0
2,0
0,0
0,0
0,9
1,3
2,2
1,0
1,0
1,1
0,1
0,0
0,0
0,3
0,6
0,1
0,0
0,0
1,2
0,1
1,4
0,4
1,0
0,0
0,0
0,0
0,0
1,0
0,1
0,3
0,0
0,0
0,4
0,0
1,3
0,0
0,0
0,0
0,0
0,0
0,0
1,0
0,0
0,0
1,1
1,1
5,31
1,5
0,0
0,0
2,7
1,1
6,5
0,0
1,0
0,0
0,0
0,0
1,0
0,2
0,0
1,0
0,3
0,1
1,0
1,0
0,0
0,0
1,0
0,0
1,0
0,0
0,1
0,0
0,0
2,0
1,0
0,0
0,0
1,0
0,0
0,0
0,0
0,2
0,0
1,0
0,0
0,0
0,0
0,0
0,1
0,0
0,2
0,0
0,4
0,1
1,0
1,0
3,0
0,0
0,0
0,0
1,0
1,0
1,0
1,8
18,50
4,4
1,3
6,16
12,3
0,2
5,6
0,0
0,0
1,0
4,4
0,0
1,1
0,16
0,2
2,0
0,0
1,0
0,0
1,0
0,2
3,14
0,2
1,3
0,0
0,0
0,0
0,0
0,0
0,0
0,0
1,13
1,0
0,2
14,5
1,0
1,0
1,0
5,6
0,0
1,0
3,0
2,6
1,0
1,0
1,0
3,0
0,3
0,0
1,1
0,0
0,0
0,4
0,3
0,0
0,22
2,0
0,1
0,0
7,44
0,0
2,0
1,0
0,0
2,37
3,17
0,0
0,0
0,0
0,2
1,0
2,0
0,0
1,0
1,0
0,0
0,1
0,2
1,0
1,0
1,0
0,0
1,2
2,4
1,0
1,1
0,0
0,0
11,0
2,3
3,0
3,0
20,0
1,3
0,2
1,2
1,0
1,0
1,0
0,3
0,0
0,1
0,0
0,0
0,0
1,0
6,24
12,22
0,7
0,0
0,0
0,0
2,8
1,0
1,0
2,0
24,58
7,27
0,0
0,2
0,7
0,0
0,2
0,0
1,0
1,4
2,2
1,1
3,0
1,4
0,0
0,0
0,1
1,0
0,4
2,0
0,1
0,0
0,0
1,0
1,0
1,0
0,0
0,0
1,0
3,1
0,0
0,1
3,8
1,0
0,1
1,0
8,15
0,0
0,0
1,0
2,2
0,1
0,1
0,0
0,0
0,1
0,2
0,0
0,2
4,16
1,0
0,0
2,0
1,0
0,1
1,0
1,0
1,0
1,0
1,0
0,0
1,3
0,0
0,0
6,0
2,5
0,0
0,5
1,1
1,1
1,1
0,2
1,2
0,3
20,50
4,20
9,35
1,2
0,1
2,0
3,7
2,18
1,0
3,0
1,9
3,20
0,2
1,0
0,0
1,0
0,0
5,0
3,0
25,30
0,0
9,12
2,11
0,4
3,6
0,0
2,5
2,6
0,0
0,0
0,3
0,0
0,4
1,0
1,0
1,0
1,0
1,0
0,0
0,0
0,0
0,0
1,4
0,0
0,2
0,0
0,1
1,0
60,150
1,1
2,0
13,20
10,2
2,6
0,2
1,6
0,0
0,0
0,0
1,0
0,0
1,0
0,0
0,0
0,0
10,7
31,45
4,5
0,0
0,0
0,0
0,0
5,9
1,0
1,0
2,0
1,25
22,36
11,162
0,0
0,0
0,0
6,0
0,3
1,0
1,0
1,0
2,1
0,0
0,0
32,35
38,84
4,9
1,11
1,3
1,0
0,0
0,0
1,0
0,3
0,2
0,1
0,0
1,0
1,0
2,2
0,2
17,81
0,0
0,0
2,20
0,1
2,7
0,0
0,0
0,0
0,0
0,7
1,3
2,0
0,3
1,0
0,0
0,1
2,4
0,2
0,1
0,3
1,3
0,2
0,1
0,0
0,0
1,3
5,8
1,0
3,0
2,0
2,0
3,0
1,3
4,35
2,2
0,4
0,0
0,0
3,4
0,4
4,18
2,11
0,0
1,7
2,0
0,2
5,30
2,2
1,0
1,0
1,0
1,0
1,0
4,0
1,0
0,0
0,0
0,0
1,2
1,2
0,14
1,0
1,3
2,0
6,0
0,0
0,0
3,0
8,0
0,0
0,1
0,0
1,0
2,3
7,0
2,0
1,0
0,0
0,0
0,0
0,0
0,0
0,0
0,0
2,0
15,38
10,14
0,0
1,0
2,3
2,0
11,110
2,0
5,18
1,0
2,4
2,5
0,0
0,0
0,0
0,0
0,0
0,0
0,0
0,0
0,0
1,0
0,0
0,0
0,0
0,4
0,0
0,1
0,0
0,0
0,0
0,0
0,0
0,1
1,2
0,0
0,1
0,0
0,0
20,20
10,30
6,4
4,0
2,0
0,0
1,0
2,8
0,3
1,2
0,0
0,0
0,0
1,0
1,10
3,10
0,0
0,0
0,0
0,1
0,1
0,0
5,17
6,0
0,4
1,0
1,2
0,2
0,2
0,0
1,0
1,5
0,0
0,0
2,0
0,3
0,0
0,0
0,4
0,0
0,0
0,0
0,3
27,118
1,0
1,0
3,0
1,0
1,0
3,20
3,2
5,4
2,0
3,5
1,0
22,50
1,0
0,0
0,0
0,0
0,0
0,0
1,0
2,7
7,37
1,0
1,0
10,0
0,0
0,0
2,2
0,0
0,0
0,0
1,0
3,7
1,1
0,1
0,0
2,0
0,0
0,0
0,0
0,0
0,0
0,5
1,0
1,15
0,0
1,0
0,11
12,40
5,11
5,4
5,13
9,0
1,1
3,0
0,0
0,0
1,1
1,0
1,1
1,0
1,0
10,12
1,0
0,1
3,6
0,0
0,0
0,0
0,1
0,0
30,30
4,1
0,0
1,0
1,2
1,0
1,3
0,28
1,0
3,5
0,0
1,0
1,1
1,0
4,5
0,0
1,0
1,3
5,0
0,5
1,0
1,0
1,0
1,0
0,0
2,0
0,0
0,0
0,0
0,0
0,0
1,0
0,0
0,0
0,4
0,1
1,0
2,0
1,6
1,0
1,7
1,5
1,0
3,1
0,0
0,0
0,2
1,1
0,0
3,0
1,0
0,0
1,0
0,0
0,0
0,7
0,0
0,4
0,0
0,0
0,1
0,0
0,0
0,0
0,0
0,0
2,0
2,0
0,0
1,2
3,0
0,0
1,49
2,2
21,52
0,0
0,0
11,29
1,13
0,10
3,0
4,17
11,3
1,4
3,0
3,0
0,0
0,0
0,0
6,5
3,16
3,17
1,0
1,0
1,0
3,5
0,4
3,0
0,0
10,85
1,4
0,0
2,20
0,0
0,0
0,1
0,0
0,0
0,2
1,3
23,100
0,0
0,0
10,7
6,4
0,0
0,0
0,2
0,0
19,100
4,0
10,30
0,0
0,0
3,0
3,0
0,0
1,0
1,0
1,0
0,0
1,0
0,0
0,0
0,9
1,0
0,15
0,0
1,0
0,0
2,0
0,0
9,25
7,15
0,0
14,4
0,0
1,0
0,0
0,0
3,3
0,0
0,10
1,0
1,0
0,2
0,0
0,0
0,1
0,0
0,0
0,0
1,0
0,0
2,0
0,0
0,0
0,0
1,0
2,3
1,5
0,0
0,4
2,15
2,0
1,0
0,9
1,6
1,0
0,0
23,36
16,100
8,23
1,1
0,0
0,1
0,0
0,0
0,1
0,0
2,26
1,14
0,1
4,15
0,2
1,0
2,0
5,0
5,10
1,1
0,0
1,0
5,0
1,1
0,0
0,0
0,2
0,0
1,0
0,0
2,0
0,0
1,0
0,0
2,0
0,0
0,0
1,0
1,0
0,1
0,0
0,0
0,0
0,0
0,0
0,0
11,28
8,20
2,2
1,3
0,0
0,0
11,10
7,10
6,6
0,0
0,0
0,0
0,4
1,7
0,0
0,8
0,1
0,1
0,0
0,0
0,0
0,1
7,10
0,0
0,0
0,1
0,1
2,3
0,3
1,0
1,0
0,2
3,0
1,1
8,0
5,0
0,0
1,1
5,7
2,0
0,7
3,0
13,14
16,15
6,12
1,0
10,0
2,0
2,0
1,0
3,0
5,0
3,0
0,0
0,0
6,0
0,1
0,2
1,4
0,0
0,0
0,0
0,0
0,0
2,0
8,0
5,4
3,4
3,13
5,9
0,0
0,0
4,16
3,1
1,0
0,1
0,0
0,20
0,1
0,0
1,0
0,0
0,0
0,0
0,0
0,0
0,0
0,0
1,0
1,0
0,0
1,0
1,1
0,1
1,0
0,0
0,1
1,0
1,0
0,0
0,0
0,0
1,0
1,3
0,0
0,0
0,0
0,0
0,2
0,0
1,0
1,0
1,1
0,0
3,0
1,0
7,1
2,5
2,1
1,4
0,0
3,0
3,0
0,0
0,0
0,0
0,0
0,0
0,1
0,0
0,0
0,0
0,0
1,0
0,11
0,0
1,0
0,0
0,2
3,0
1,1
0,3
0,0
2,0
2,6
0,0
0,0
0,0
0,0
0,0
0,0
0,0
0,0
0,0
0,0
0,0
0,1
3,6
2,2
0,2
1,6
1,0
16,100
0,0
0,0
1,0
0,2
0,5
1,0
1,0
3,2
0,0
8,100
0,0
0,0
1,0
1,0
1,0
0,0
0,2
1,0
1,0
0,0
1,0
0,0
0,1
0,3
2,1
1,0
0,3
3,0
2,4
0,2
0,0
1,0
2,4
0,0
2,0
0,0
1,0
0,1
1,0
0,2
1,0
0,0
3,4
0,0
0,0
0,0
0,0
0,0
1,0
2,0
4,0
1,1
0,1
0,0
1,0
1,0
1,0
1,1
1,0
1,0
1,0
1,0
2,0
2,0
2,0
0,4
1,5
1,2
16,22
1,1
7,0
1,26
1,0
6,12
0,1
0,0
1,0
5,5
1,0
0,0
0,9
0,0
2,0
1,0
1,0
2,10
1,0
1,0
0,0
0,1
0,0
1,0
0,0
0,0
1,0
1,0
0,0
0,1
0,0
0,2
3,0
1,0
0,0
1,0
1,0
1,0
0,0
1,10
1,1
1,0
0,0
0,0
0,0
0,0
0,0
0,0
0,0
3,0
1,0
0,0
0,0
0,0
0,0
0,0
0,0
0,0
0,0
4,2
0,3
2,3
0,0
4,0
1,2
9,0
2,0
2,0
1,0
2,1
3,0
1,2
2,0
0,0
0,0
0,1
0,1
1,10
3,46
0,0
1,0
0,1
13,30
0,0
1,1
0,4
1,0
0,5
1,0
3,2
0,2
6,6
1,1
0,3
3,0
1,1
1,0
1,0
0,0
0,0
0,0
1,0
0,1
0,20
0,0
0,2
0,0
0,0
0,0
0,0
0,4
0,1
0,0
0,1
0,0
0,0
25,47
9,0
6,0
5,15
0,0
0,0
1,0
1,0
2,0
1,0
1,0
0,4
0,0
1,0
4,0
0,0
0,0
2,0
1,0
0,1
1,0
0,0
1,0
1,0
0,0
1,0
0,0
3,15
0,3
1,0
0,1
2,13
0,1
0,0
0,0
0,0
0,2
0,0
5,30
0,0
4,1
0,0
0,0
0,1
1,0
1,0
0,0
27,70
1,0
1,0
3,7
1,0
0,0
0,0
0,0
0,0
2,9
1,0
0,0
3,2
3,4
1,0
1,0
1,0
1,1
0,3
2,16
3,0
0,5
1,0
1,0
0,0
6,0
2,0
2,0
2,0
1,0
0,11
2,0
1,1
0,3
0,0
0,2
1,3
3,14
0,0
0,0
0,0
0,0
0,0
0,0
0,0
0,0
0,0
0,2
0,2
0,0
0,0
0,0
0,0
0,0
0,0
0,0
3,0
7,45
5,9
3,0
1,5
5,14
7,7
4,8
8,3
98,200
0,0
0,0
7,20
4,20
10,20
1,0
1,0
1,1
2,0
1,0
0,0
11,24
0,0
0,0
0,0
0,0
0,0
0,0
0,1
0,0
0,0
0,0
0,0
0,0
0,0
0,0
0,0
0,0
0,0
0,7
0,0
0,0
0,0
0,1
0,0
0,0
0,0
0,0
0,0
0,0
0,0
0,0
0,0
0,0
0,0
0,0
0,0
0,6
0,0
0,0
0,0
0,0
0,0
1,1
0,0
0,1
0,0
0,0
0,0
0,0
0,0
0,0
0,0
0,0
0,0
0,0
0,0
0,0
0,0
0,0
0,0
0,0
0,0
0,0
0,0
0,16
0,0
0,0
0,0
0,0
0,0
0,0
0,0
0,0
0,0
0,1
0,0
1,0
1,0
0,0
0,0
3,0
13,0
2,4
0,3
1,0
1,0
0,3
0,0
0,1
0,0
0,0
1,0
0,1
1,0
10,21
0,0
0,0
2,0
0,0
0,0
0,0
0,0
0,0
0,0
0,0
0,0
3,10
0,0
0,7
0,7
3,0
7,1
1,1
1,0
1,2
3,0
1,7
0,0
0,0
0,0
0,0
0,0
3,10
0,0
0,0
1,0
2,1
1,0
0,1
2,2
0,0
1,1
1,2
0,0
2,0
6,0
5,15
3,0
0,0
1,0
0,0
2,0
4,0
2,0
0,0
1,0
0,3
0,3
0,0
0,2
1,0
0,0
0,1
1,0
2,4
15,0
0,1
2,0
0,3
1,1
12,18
3,10
2,0
3,0
1,0
0,12
2,5
39,30
1,0
1,0
1,0
1,0
1,0
2,0
1,0
0,3
0,0
0,0
0,0
2,0
0,0
0,0
0,0
0,0
0,0
0,0
0,0
0,0
0,0
0,0
0,0
1,4
0,0
0,0
0,0
0,0
0,2
0,0
0,0
16,27
1,0
1,0
3,0
2,0
0,0
2,0
3,0
1,0
2,20
2,4
0,0
1,1
2,0
0,0
0,0
5,10
2,6
0,0
0,0
1,3
0,0
2,0
9,0
8,100
7,120
1,3
7,12
1,2
1,0
2,0
0,2
1,2
1,1
0,0
0,2
1,2
1,3
0,0
0,0
0,0
0,0
0,0
0,0
1,4
1,0
1,0
0,0
0,0
1,0
52,93
0,0
1,0
0,0
0,0
0,0
0,0
1,1
0,0
1,2
0,0
2,0
2,8
2,0
2,0
0,0
0,2
0,0
0,0
3,0
0,0
1,1
1,0
1,0
2,6
0,0
0,0
7,8
0,0
1,0
0,2
1,0
4,4
3,1
1,0
1,2
1,0
1,0
1,0
0,0
2,0
1,0
2,2
2,0
1,4
0,0
0,3
0,1
1,0
0,1
2,0
0,1
0,0
0,0
1,1
1,0
0,16
0,0
0,1
3,0
4,6
5,13
1,0
0,0
0,1
1,0
1,0
1,0
1,0
0,0
0,0
2,0
1,0
12,52
7,0
1,0
1,0
0,1
1,0
0,0
0,1
1,0
5,0
0,0
0,0
1,0
0,0
0,0
0,1
2,0
0,4
0,0
0,0
0,1
0,1
0,2
0,0
5,15
2,2
1,4
1,0
1,0
3,2
0,0
0,0
2,0
2,0
0,0
2,0
0,0
0,0
0,0
0,0
0,0
5,0
2,0
2,1
1,3
1,1
3,8
1,0
0,0
1,0
4,0
1,1
1,0
1,0
2,0
1,0
6,16
15,0
1,1
0,2
0,0
0,0
0,0
0,0
0,0
0,7
0,2
0,0
1,0
1,0
2,1
1,0
1,0
0,0
0,0
1,0
1,0
0,0
1,0
0,0
0,0
0,0
0,0
1,5
0,0
0,0
0,0
0,1
0,4
1,0
1,0
1,0
5,3
1,0
1,1
1,0
0,0
0,0
0,0
0,0
0,0
2,0
0,8
1,3
1,0
0,0
0,0
0,15
2,4
6,0
2,3
1,3
6,0
2,0
2,0
1,0
1,3
3,2
4,12
0,1
1,0
0,0
1,0
0,0
0,0
2,1
0,0
0,0
0,0
1,1
0,0
1,0
0,1
1,0
2,0
2,0
1,0
2,4
1,3
0,2
0,0
1,1
2,0
1,0
0,4
0,0
1,10
2,3
1,1
5,3
1,1
0,0
0,0
1,2
0,0
0,5
0,1
4,1
0,4
0,0
0,20
0,0
0,0
0,0
6,0
1,0
3,0
43,85
43,85
43,85
1,2
6,0
5,0
0,4
2,0
1,5
3,8
2,8
1,0
0,6
0,1
1,0
0,3
0,0
0,0
2,0
0,0
0,0
1,0
1,0
3,0
1,0
0,1
0,0
0,0
2,3
0,0
3,4
2,2
1,11
0,20
0,0
2,0
4,9
2,0
1,0
1,0
1,0
0,0
0,0
8,0
11,0
4,3
3,0
1,0
1,0
1,0
1,0
5,0
0,0
2,0
0,0
0,0
4,4
0,0
0,4
3,0
3,5
0,0
1,1
1,1
3,6
0,0
2,0
11,15
1,0
0,3
6,6
0,5
3,2
0,0
0,0
0,0
15,0
2,1
1,29
1,1
2,0
0,1
4,0
0,0
0,0
1,2
0,0
15,59
15,59
15,59
3,30
1,4
0,7
4,5
0,3
1,3
7,0
0,0
0,0
0,0
1,0
2,0
1,1
0,0
8,15
0,1
0,0
0,0
0,1
2,0
2,0
1,0
0,2
2,2
0,0
0,0
0,1
0,0
1,2
0,0
8,5
5,5
0,0
1,50
2,0
1,0
36,0
1,2
1,2
0,1
0,2
1,0
1,0
1,0
1,0
3,5
2,0
0,1
0,0
1,0
0,0
0,0
0,0
0,2
0,1
1,1
7,36
1,3
1,0
1,5
0,2
0,0
0,0
1,0
1,0
1,0
1,4
1,0
1,1
1,1
2,0
0,0
0,5
0,1
1,0
4,0
2,0
0,3
2,0
0,0
1,0
1,0
0,0
1,0
1,0
1,1
2,5
5,0
2,2
0,0
6,0
1,0
0,0
1,2
1,0
0,0
1,0
1,1
1,0
1,0
3,0
3,5
0,6
3,0
2,0
0,0
1,1
1,0
0,1
0,1
1,0
1,0
0,0
0,0
0,0
1,1
0,4
0,0
0,0
0,0
0,0
4,0
3,3
1,1
1,4
0,0
1,0
1,0
1,0
0,4
1,0
2,1
3,4
2,5
1,3
0,0
0,0
0,0
0,0
1,0
1,0
1,11
1,5
16,21
0,0
0,0
9,10
3,0
2,0
1,0
2,0
0,0
1,0
1,0
0,0
1,0
0,0
0,0
1,5
0,1
1,7
0,2
0,0
1,0
1,0
1,0
1,0
1,0
1,0
3,0
3,0
1,0
1,2
1,0
0,0
2,2
0,12
0,0
0,0
0,1
0,0
4,4
1,0
1,0
1,1
0,1
0,8
0,3
0,0
4,11
3,5
3,5
2,9
5,13
0,0
2,0
2,1
2,0
1,0
2,6
4,0
1,1
5,0
2,7
0,0
2,0
2,0
2,0
1,0
0,0
88,227
4,22
11,0
5,24
7,0
4,0
8,0
17,0
1,1
0,0
0,0
0,0
2,0
0,30
1,0
0,0
0,0
1,0
0,3
1,3
0,15
0,15
0,15
4,1
30,38
0,0
8,2
3,10
2,10
1,0
0,0
1,0
1,1
0,0
1,0
0,0
1,23
0,2
2,0
5,2
0,0
12,24
0,1
1,0
0,2
1,0
0,0
0,0
1,0
1,0
1,0
0,1
0,0
2,0
0,1
0,7
1,3
0,0
1,9
0,0
0,0
1,0
1,0
2,3
0,0
0,0
1,0
0,0
1,0
0,0
1,0
0,1
1,8
0,2
0,0
1,1
4,0
1,0
1,0
4,2
1,2
0,0
1,1
1,0
1,0
9,12
0,2
5,17
2,0
0,0
2,1
1,0
9,12
3,0
3,16
1,7
2,4
4,0
1,0
1,0
1,0
1,0
1,0
1,1
0,0
1,3
2,12
1,2
4,6
5,2
1,2
2,2
0,1
0,0
10,36
9,0
6,0
0,0
0,0
13,12
5,49
5,0
6,19
0,0
0,3
3,1
0,1
0,1
0,0
0,0
0,0
0,5
0,0
1,0
10,26
4,12
0,5
1,1
1,0
1,0
0,0
1,0
0,0
0,0
22,0
1,0
9,53
2,14
2,7
2,3
2,0
1,0
0,1
1,0
1,0
2,8
1,2
12,41
102,150
1,0
4,1
3,0
7,0
0,2
0,5
7,0
0,0
0,1
4,10
3,1
2,0
1,6
1,0
2,0
0,0
12,6
3,50
0,0
1,0
0,0
0,5
1,0
0,0
4,14
4,7
4,4
0,6
3,0
2,3
0,4
0,1
0,0
0,0
0,3
0,0
0,1
0,0
36,95
2,0
5,0
4,8
2,1
0,0
11,11
1,0
0,0
0,0
0,0
0,0
22,0
2,7
3,0
1,0
0,0
1,0
1,0
2,1
2,3
2,0
7,16
1,0
1,0
0,2
1,0
2,8
5,20
7,3
0,0
0,0
0,0
1,14
2,4
1,0
2,8
1,0
3,6
0,0
0,5
4,4
1,0
1,2
30,45
2,0
3,0
1,0
4,0
1,1
1,3
2,6
0,4
30,35
0,0
0,0
0,0
0,10
1,0
1,0
0,3
0,9
0,0
2,2
0,0
1,0
0,0
0,0
0,2
0,0
0,2
0,0
0,0
0,0
0,0
0,0
0,0
0,0
3,0
0,0
0,0
0,0
0,5
0,4
0,0
1,0
4,3
0,1
1,4
0,1
0,3
0,0
0,0
0,5
0,0
0,0
0,0
0,0
1,0
0,0
6,5
3,2
3,5
0,1
6,102
1,0
2,0
3,1
0,0
1,1
1,0
2,5
0,1
2,0
1,2
3,0
2,0
1,0
4,11
1,4
1,1
0,0
0,0
0,0
0,0
6,0
0,0
1,6
1,0
0,0
0,0
0,0
0,0
0,0
3,0
4,13
2,8
2,2
1,0
4,2
1,0
0,1
4,13
5,1
3,0
1,0
1,0
2,0
1,0
1,0
2,5
1,0
0,2
1,1
0,2
3,0
0,0
1,0
0,0
0,4
0,0
1,0
0,0
3,2
0,0
2,0
20,40
10,4
3,6
1,0
0,5
2,2
5,9
4,0
4,0
1,1
2,0
0,2
0,1
1,0
1,5
3,0
0,0
23,17
2,7
2,0
30,42
2,7
2,4
2,3
1,0
5,0
1,0
1,4
0,2
1,0
0,0
2,4
0,4
2,0
1,0
0,0
2,2
20,71
0,0
0,0
0,1
0,0
0,3
1,0
0,0
1,1
1,0
1,0
1,4
0,2
0,0
1,4
0,5
2,0
3,6
0,1
2,5
4,0
0,1
0,0
5,2
0,1
0,5
1,0
1,0
1,0
1,50
0,0
0,5
0,2
1,5
9,17
27,63
1,0
5,3
1,0
1,0
0,5
0,0
0,0
0,4
0,0
0,0
0,0
0,0
2,0
0,1
1,0
0,0
2,0
0,0
0,0
0,0
22,21
0,15
1,115
2,0
12,0
1,9
0,2
0,5
6,10
5,4
2,0
5,3
12,2
0,1
1,0
2,13
5,4
1,5
1,3
1,0
1,0
1,0
0,2
0,0
5,0
0,0
6,0
0,0
0,0
0,0
1,3
0,0
0,0
0,0
0,0
1,1
2,3
1,5
2,0
1,3
0,6
1,0
4,0
1,0
5,8
1,0
2,0
0,1
0,0
0,0
0,0
0,0
0,0
0,0
0,0
0,0
0,0
0,0
0,0
0,0
0,0
0,5
8,9
1,0
1,0
2,0
5,24
0,3
0,6
7,13
27,0
0,3
2,0
35,25
1,1
4,2
0,1
2,1
1,2
0,6
3,2
2,4
1,4
1,3
1,1
1,0
2,0
1,3
1,0
1,1
6,30
2,3
4,0
2,2
4,7
0,3
0,4
1,0
15,6
2,0
0,0
0,0
3,0
0,0
0,0
6,20
0,0
0,0
0,0
0,0
0,0
1,2
0,0
8,5
0,0
0,0
1,0
1,0
0,0
0,0
0,0
0,1
1,2
0,2
0,0
1,15
5,0
1,0
0,0
2,2
0,8
1,0
0,1
0,0
0,0
0,0
1,2
0,0
1,0
0,0
8,3
1,0
0,0
0,0
0,0
1,0
0,2
0,0
0,4
8,43
77,80
0,0
1,0
1,0
50,75
13,20
1,0
1,10
4,0
0,0
4,13
4,13
1,0
1,1
1,0
1,0
2,0
1,1
0,5
1,2
2,0
1,0
1,0
4,1
0,0
0,0
3,0
0,0
1,0
5,0
2,0
2,0
1,1
1,2
1,0
0,0
2,3
1,5
11,17
34,35
1,1
1,0
1,0
1,0
1,0
3,1
1,0
7,2
0,0
6,16
4,5
1,3
0,1
0,0
0,0
1,0
2,0
1,4
3,0
2,0
2,4
1,0
1,2
1,0
1,0
1,0
0,3
1,0
2,0
1,0
1,0
0,0
4,0
0,1
1,2
1,0
1,0
1,0
1,0
0,0
1,39
0,0
0,1
1,0
0,4
3,0
5,0
3,0
2,6
1,0
2,2
1,0
1,1
0,4
1,0
9,2
1,0
0,0
0,0
0,0
3,1
5,0
1,0
0,5
0,1
0,3
0,1
0,0
1,0
0,4
3,4
1,0
0,0
0,1
0,0
0,2
0,0
0,0
0,0
0,1
6,0
2,2
1,0
1,1
0,0
1,0
0,1
1,2
0,2
1,4
1,0
0,2
0,1
0,6
1,0
3,26
1,0
11,0
9,0
1,0
2,0
1,0
1,0
2,0
43,73
2,4
5,16
0,3
0,2
4,3
0,13
0,7
3,4
0,1
1,12
0,0
0,0
0,0
0,0
0,0
0,0
3,20
2,0
1,3
1,0
2,0
1,0
1,0
1,3
1,1
0,0
0,1
0,0
4,0
3,0
0,0
0,0
0,4
0,1
0,0
2,0
1,0
1,0
0,0
1,0
3,1
1,0
0,0
2,2
1,1
32,44
2,4
0,0
1,0
0,0
0,0
1,1
6,40
63,100
0,0
3,14
1,7
1,0
0,0
1,2
1,0
1,0
0,0
0,0
0,0
0,3
0,0
2,0
1,4
2,9
3,1
1,3
1,7
3,13
3,4
1,0
0,0
3,1
4,7
1,0
0,2
0,0
0,0
0,0
0,0
3,32
1,0
1,0
1,3
1,1
0,1
0,0
0,3
0,7
0,0
0,1
2,3
0,0
0,0
0,0
1,0
0,3
0,0
1,2
1,2
0,0
0,0
1,4
0,0
0,0
0,0
0,0
0,0
0,0
0,0
0,1
0,0
0,1
0,1
0,0
0,0
0,0
0,0
1,0
0,2
5,0
0,0
1,3
0,0
5,2
0,0
0,0
0,0
0,0
0,0
1,0
0,0
0,0
0,0
3,1
0,0
1,1
2,3
0,0
1,0
0,0
0,0
0,10
1,0
1,12
0,1
0,0
6,14
3,0
0,16
1,0
1,0
1,0
0,1
8,19
0,1
1,0
10,0
1,0
1,1
1,0
3,3
0,0
0,0
0,0
0,1
2,0
1,0
0,0
1,0
1,0
1,2
2,0
1,0
0,0
0,0
0,0
1,1
1,0
1,0
1,0
1,1
2,0
3,2
1,2
1,0
0,4
2,0
1,0
1,0
5,15
1,2
3,0
1,0
2,11
3,4
0,2
0,4
0,1
4,0
0,5
1,2
4,6
4,3
0,8
2,0
1,8
1,0
1,0
0,1
1,0
1,0
11,4
3,26
3,0
1,1
2,0
1,0
1,3
1,0
0,2
1,0
1,0
1,0
0,0
2,3
0,0
3,4
0,2
3,0
1,0
0,2
0,7
0,3
0,0
5,8
1,2
1,1
1,6
2,0
1,1
0,0
0,0
0,4
2,4
0,0
1,0
4,0
0,0
1,0
3,0
1,12
0,6
3,4
1,2
6,6
1,0
12,0
1,0
0,1
2,0
0,0
0,0
0,0
5,12
3,0
12,5
0,0
0,0
0,0
0,0
0,23
0,0
0,0
5,2
2,4
0,4
5,0
9,0
2,0
0,0
0,0
7,13
0,0
0,1
1,0
0,0
1,0
1,3
2,3
0,5
0,0
0,0
0,0
0,5
1,0
1,0
2,11
0,2
0,0
0,1
2,6
0,0
0,0
0,0
0,0
0,0
0,0
0,0
1,1
36,42
0,0
0,0
0,0
0,0
0,0
0,0
0,0
0,0
1,0
1,0
7,15
4,13
2,0
1,0
1,0
1,0
0,0
0,0
0,0
0,0
1,0
1,0
1,0
6,0
0,0
2,0
0,0
2,0
1,0
0,1
0,0
0,1
0,0
1,0
0,1
0,0
0,0
0,0
0,0
0,3
0,0
0,0
63,120
56,60
2,6
1,0
3,1
1,0
0,0
2,3
1,0
1,0
0,0
16,45
0,0
0,0
0,1
0,0
10,18
1,0
2,0
1,0
0,6
0,3
1,4
1,0
1,0
1,0
1,0
1,0
1,3
0,0
0,5
0,1
0,6
0,0
0,0
0,0
0,0
0,0
1,3
0,0
0,0
0,0
0,0
0,0
0,0
0,0
0,0
0,0
0,0
1,0
0,2
0,0
2,0
0,0
0,0
0,0
1,0
1,5
1,1
1,5
0,0
0,0
1,0
4,0
0,0
0,0
0,3
0,0
1,0
0,0
3,0
0,0
0,0
0,0
0,1
0,1
0,0
29,25
1,0
5,16
1,0
0,0
2,0
1,0
1,0
0,1
1,0
2,5
1,7
1,0
1,0
0,13
0,11
1,0
4,17
2,3
3,90
3,20
0,1
0,0
0,0
0,0
0,0
0,1
0,0
0,0
4,72
0,0
0,0
0,0
1,0
0,0
0,2
2,1
0,3
0,0
0,0
0,0
0,0
6,21
0,0
0,0
0,0
0,0
0,0
1,0
0,0
0,0
1,0
2,0
2,0
0,0
1,0
0,0
0,2
0,0
1,0
0,0
0,0
0,0
1,5
3,3
2,0
0,1
0,2
0,0
0,4
0,0
0,0
0,1
0,0
1,1
0,0
0,0
0,0
1,30
0,0
3,0
1,0
1,0
0,0
0,0
0,0
1,0
0,0
1,0
1,0
10,50
0,0
0,0
0,0
0,0
0,0
2,1
0,1
4,0
1,0
2,0
0,0
1,8
0,0
1,0
12,50
7,46
1,0
0,0
0,0
1,0
1,0
0,1
0,0
1,0
1,0
0,0
1,1
1,0
1,0
0,0
0,0
1,1
0,0
0,0
0,0
0,0
0,0
3,0
1,0
3,0
0,0
1,0
0,0
0,0
1,7
1,0
0,0
0,2
0,0
0,0
0,4
0,0
0,0
0,0
2,0
0,0
0,0
0,0
0,0
0,0
0,0
0,0
0,1
0,0
1,2
0,1
0,0
1,5
0,0
1,0
1,0
0,4
0,1
0,3
0,0
0,1
0,0
0,0
0,0
0,0
0,0
0,0
0,0
0,0
1,0
1,0
1,0
1,0
2,0
1,0
6,18
1,0
1,0
0,2
1,0
1,0
1,0
2,4
0,10
2,0
1,0
2,0
0,4
1,0
1,0
1,0
1,0
1,2
1,1
0,2
2,0
1,0
0,5
1,0
2,0
0,0
0,0
0,4
1,0
0,2
1,0
1,0
1,5
7,0
0,2
3,0
1,0
4,4
1,0
34,1
1,3
1,3
0,8
0,7
0,12
1,0
3,3
0,0
0,0
0,1
0,4
1,0
0,0
1,0
0,0
0,0
0,0
0,2
0,0
2,1
0,0
0,0
16,21
7,5
2,1
2,0
0,0
0,0
0,0
0,0
0,0
0,0
0,0
0,0
0,0
0,0
0,0
0,0
0,0
0,0
0,0
0,0
0,0
1,20
3,6
0,0
4,9
5,1
2,0
3,3
1,0
1,4
0,5
1,0
1,0
1,2
1,0
1,0
1,2
0,10
0,4
1,2
0,2
1,8
1,0
1,0
1,1
0,0
2,0
0,4
1,4
0,4
1,0
0,0
1,6
1,1
0,0
1,0
1,0
0,1
1,1
0,3
0,4
0,3
1,0
3,1
1,0
1,0
2,3
1,6
0,83
43,82
0,0
1,0
2,0
1,0
1,1
0,0
9,78
0,0
0,0
0,0
1,12
0,14
7,1
2,0
0,0
0,0
0,12
0,0
0,0
0,0
4,8
2,1
9,46
0,3
1,0
0,0
0,0
0,0
0,0
1,0
0,0
1,1
0,0
0,0
2,0
1,0
0,0
2,0
0,1
0,1
0,0
0,2
0,2
1,0
0,0
0,0
1,0
1,0
3,11
0,0
0,6
0,0
0,0
0,0
0,0
1,0
2,3
1,4
11,5
1,0
2,3
2,3
1,0
1,0
1,0
1,0
1,3
1,2
0,2
1,4
1,30
1,0
1,0
1,0
1,4
3,0
0,0
0,3
2,1
2,0
1,0
1,3
3,0
1,0
7,48
1,0
0,1
1,0
0,1
0,2
0,1
0,0
0,0
0,0
0,0
0,0
1,0
0,0
0,1
0,0
0,0
0,0
0,0
0,0
1,0
0,0
0,2
0,0
0,0
0,0
0,0
0,0
0,0
0,0
0,0
3,0
0,0
0,0
0,3
0,0
1,0
0,0
0,0
0,0
1,1
1,1
5,0
0,0
0,2
1,4
0,0
0,0
0,0
0,0
0,0
2,1
0,0
0,0
0,0
0,0
0,0
0,0
0,0
0,0
0,0
0,0
0,0
0,0
0,0
0,0
0,0
0,0
0,0
0,0
0,0
1,0
0,0
0,0
0,0
0,0
0,0
0,0
0,2
1,2
8,50
22,27
0,0
0,0
0,22
1,0
18,10
0,0
0,0
0,0
0,0
0,0
0,0
0,0
0,0
0,0
0,0
0,0
0,0
0,0
0,0
0,5
0,0
0,0
3,0
1,0
0,0
1,0
1,0
1,0
1,0
0,0
0,0
0,0
0,0
0,0
0,0
0,0
0,10
0,0
0,0
0,0
2,13
9,57
1,0
2,5
1,5
0,0
0,0
1,0
2,4
1,0
0,0
0,1
0,0
0,0
0,1
0,0
0,0
0,0
0,0
0,0
0,3
0,0
0,0
0,0
0,0
0,0
4,4
0,0
0,0
0,0
0,0
0,0
0,0
1,0
0,1
0,0
0,0
0,0
0,0
1,0
0,0
0,0
0,0
1,0
0,0
0,0
0,0
0,0
0,0
0,0
0,0
0,0
0,0
0,0
0,0
1,0
0,1
0,0
0,0
0,0
0,0
0,0
0,0
1,1
0,2
1,0
1,0
1,0
2,0
2,0
5,0
0,6
2,2
1,0
1,0
1,1
0,5
1,0
1,0
1,0
1,4
1,0
3,2
4,18
1,0
0,4
1,4
0,0
0,6
2,0
0,4
2,1
3,0
0,0
0,0
1,0
0,1
0,0
1,3
0,2
0,6
1,1
0,0
0,0
1,0
0,4
2,0
0,0
4,0
1,0
1,0
1,0
1,0
1,0
1,0
0,3
0,2
1,0
1,2
5,0
2,0
1,0
1,1
1,0
0,0
1,8
1,0
0,9
0,0
2,3
4,4
1,0
1,0
10,40
1,0
1,0
5,0
2,1
1,1
1,0
1,0
2,0
1,0
1,0
0,2
1,0
0,0
1,2
1,0
2,1
1,2
0,4
0,12
0,4
0,5
2,1
2,0
11,4
1,5
0,2
0,5
1,0
0,3
1,0
1,2
0,2
0,2
1,1
1,0
0,4
0,1
2,0
1,0
1,0
0,3
2,0
1,0
0,1
0,3
0,0
0,0
0,0
4,4
0,0
0,0
1,4
1,8
2,0
0,0
4,0
0,0
0,0
0,0
0,0
1,0
1,4
3,27
1,0
0,0
0,3
0,0
0,0
0,0
0,0
1,0
0,0
0,0
0,1
2,1
0,0
1,5
1,0
1,0
0,0
1,0
3,0
0,3
0,4
1,0
1,3
3,0
1,0
0,1
0,4
1,0
1,0
1,0
4,0
6,13
0,3
0,6
0,0
0,4
0,2
1,0
12,15
5,21
3,4
0,4
3,0
1,0
1,0
0,2
0,8
1,0
0,2
3,4
0,1
1,2
3,3
0,11
1,1
0,4
1,0
0,4
0,2
2,11
0,2
0,1
1,1
0,4
1,0
2,5
0,3
0,2
2,4
1,0
1,3
1,3
0,0
0,3
0,0
0,0
22,28
0,0
0,0
0,0
0,0
0,0
0,0
0,0
0,0
0,0
0,0
0,0
0,0
0,0
0,0
0,0
0,0
2,14
0,0
0,0
1,0
2,4
1,0
0,4
2,0
4,0
1,0
0,0
0,0
1,2
1,0
0,0
0,1
3,0
47,0
0,3
0,0
1,0
0,0
9,0
12,0
0,0
1,0
1,0
2,0
5,0
1,0
1,4
2,0
0,0
0,0
0,0
0,0
0,0
0,0
0,0
0,5
0,1
0,0
1,0
0,0
0,0
0,0
0,0
0,0
0,0
0,0
1,1
0,0
0,0
1,17
0,0
0,0
0,0
0,0
0,0
0,0
0,0
0,0
13,0
2,4
1,2
0,0
0,0
0,0
23,51
9,17
2,6
0,0
6,16
0,0
1,0
0,0
4,0
0,0
9,0
4,0
0,3
23,55
9,14
0,4
2,0
0,0
1,0
4,0
0,1
0,0
1,0
2,5
1,0
0,6
2,5
0,8
3,5
4,8
0,0
0,0
0,0
0,0
1,0
8,31
14,0
1,0
0,0
0,0
0,0
0,2
1,0
1,0
0,0
15,45
0,0
0,0
2,0
23,58
3,15
0,0
1,0
1,5
1,5
8,14
5,10
1,3
4,0
0,0
0,2
0,2
0,0
1,1
1,0
1,0
0,2
1,0
9,3
18,0
2,0
1,0
0,0
0,0
0,1
0,0
0,0
0,0
0,3
2,3
0,2
2,1
6,23
2,6
0,7
2,5
2,3
3,6
2,1
0,0
3,0
2,3
1,3
1,0
1,0
2,3
2,4
0,3
1,2
2,3
0,6
0,0
1,0
2,0
1,0
1,5
0,7
0,0
1,1
1,3
3,4
3,2
0,0
0,0
3,0
0,1
1,1
3,4
0,1
1,0
1,0
18,0
1,0
2,5
0,0
2,7
0,0
2,2
1,0
1,1
0,3
0,1
0,0
0,3
2,0
1,0
11,5
5,12
2,2
2,2
1,3
2,3
58,200
0,0
2,0
0,0
2,4
6,12
0,5
3,0
1,0
1,4
1,1
1,0
0,9
0,4
2,8
1,4
1,3
6,18
0,5
2,4
0,0
2,0
0,0
0,0
1,4
0,2
1,0
1,0
2,1
1,7
29,0
15,0
1,0
4,0
1,0
1,0
1,0
1,0
0,2
2,0
1,9
1,2
3,6
2,0
1,0
0,0
0,1
1,1
1,1
1,15
0,0
0,1
0,0
1,0
1,1
0,0
1,0
0,3
0,0
3,5
1,7
2,4
0,3
0,3
2,4
4,0
2,7
1,0
2,4
1,1
1,3
0,5
0,1
0,0
0,0
0,0
0,0
0,0
0,0
0,0
0,0
0,0
0,0
0,0
0,0
0,0
0,0
0,0
0,0
0,0
0,0
0,0
0,0
0,0
0,0
0,0
0,0
0,0
0,0
0,0
2,3
4,4
1,0
1,4
4,2
1,12
2,0
0,0
0,3
0,5
2,0
2,8
0,2
2,2
0,1
0,2
2,0
1,1
0,0
6,4
4,3
0,5
0,1
1,3
0,3
2,0
1,0
0,5
1,0
1,1
1,2
2,0
0,2
16,0
1,18
2,4
1,28
1,5
1,4
4,0
0,4
22,13
1,0
25,32
3,6
7,22
1,0
4,0
4,7
1,3
2,2
1,0
1,0
0,1
3,23
3,4
1,3
0,5
0,1
0,4
0,2
0,2
0,2
1,1
0,0
2,0
0,0
1,3
2,0
0,0
2,0
5,17
3,1
3,0
1,0
1,0
4,1
7,6
0,1
1,0
0,3
0,1
40,30
1,0
1,0
4,4
1,0
0,1
2,0
0,3
2,0
2,6
0,4
0,1
0,3
0,4
2,6
0,4
0,1
0,1
1,0
2,0
1,1
2,0
6,3
1,0
0,5
0,4
0,0
7,35
1,0
2,12
2,1
1,0
0,6
3,0
0,5
0,5
8,6
0,0
1,3
1,0
3,0
0,0
1,7
0,2
1,0
0,0
0,1
1,2
0,2
0,4
1,0
0,5
0,0
1,0
8,1
0,6
1,3
0,2
1,0
7,1
1,10
1,7
0,4
1,0
1,0
1,0
3,3
0,0
0,0
0,0
1,0
0,0
0,0
1,2
6,0
1,0
2,0
4,0
2,0
2,0
1,0
0,0
2,6
0,5
14,0
1,5
0,0
0,3
0,2
0,0
0,0
0,0
1,0
3,1
1,0
1,5
1,0
1,2
1,0
0,0
2,3
0,1
0,0
0,0
10,38
2,1
0,1
2,4
1,0
9,20
0,0
1,1
1,0
6,0
2,0
0,1
0,2
0,0
0,0
2,4
0,0
0,9
0,1
0,0
0,8
1,0
2,4
1,0
0,0
0,0
0,0
1,28
1,0
1,0
0,13
0,1
1,0
5,1
6,0
1,0
1,0
1,0
1,1
2,0
10,28
2,0
1,4
1,0
1,2
1,0
0,13
1,0
1,1
1,0
1,0
1,0
15,30
5,2
0,8
5,0
1,0
1,5
0,2
0,0
90,164
0,0
0,2
6,21
2,0
1,0
0,8
0,6
0,3
0,2
0,5
0,2
0,5
0,9
3,7
1,2
1,3
1,2
3,0
1,0
1,1
3,9
0,1
1,0
1,0
1,0
0,0
0,0
2,0
1,0
5,13
0,2
0,1
1,0
1,0
2,23
3,7
4,4
2,0
0,2
1,0
0,5
0,6
2,4
4,0
2,4
1,1
0,2
1,0
3,0
1,0
31,70
2,1
1,2
2,0
1,0
2,1
1,0
4,0
1,0
2,0
0,2
15,22
7,0
1,0
2,0
8,0
2,5
3,2
1,3
10,10
1,0
11,0
0,0
2,0
0,5
0,1
0,0
7,24
2,0
1,0
1,0
0,0
1,0
7,0
2,0
3,0
11,23
4,7
1,0
1,3
1,0
0,0
1,0
2,0
1,0
1,0
0,0
1,0
0,1
0,4
0,2
0,1
5,22
0,3
1,2
1,1
1,6
1,0
7,20
0,3
0,0
2,0
1,0
0,0
1,11
0,0
0,0
3,0
0,2
5,3
1,1
0,0
1,0
0,4
1,0
0,0
2,0
1,0
2,7
1,2
1,4
2,0
2,4
4,2
0,6
0,0
0,2
3,0
1,0
3,37
13,8
0,1
0,0
0,0
1,1
1,8
0,0
0,0
1,0
1,0
1,0
0,3
0,8
2,0
1,0
5,1
2,1
1,0
4,3
0,0
6,11
0,0
0,0
1,0
0,0
0,0
1,0
1,0
0,0
0,15
0,6
0,2
5,25
0,5
3,25
0,7
6,0
14,0
1,0
0,2
0,0
2,17
6,11
0,2
0,0
0,3
7,3
0,0
1,1
0,1
1,0
2,0
0,2
1,0
0,0
0,1
1,1
0,1
2,1
1,0
1,0
0,3
1,0
1,0
6,0
17,0
15,0
1,0
3,0
2,3
0,1
0,4
0,3
2,0
1,3
5,2
2,0
1,0
1,0
6,0
6,0
1,2
0,3
4,2
2,4
3,0
7,0
0,0
0,0
0,0
3,0
1,2
27,8
0,0
2,0
3,0
0,0
0,0
3,10
2,3
3,0
0,1
0,18
0,3
1,6
0,3
1,6
0,0
3,1
1,13
0,0
0,0
4,2
0,1
2,0
5,0
0,0
12,49
0,31
0,0
14,30
1,1
6,0
2,0
2,0
1,2
2,0
2,3
0,2
0,3
0,0
0,0
3,2
1,0
1,1
0,7
0,2
0,2
1,2
0,2
1,3
5,0
0,2
0,0
0,0
4,2
1,0
0,0
0,8
1,0
3,0
0,5
2,5
1,0
12,0
10,5
0,3
1,1
4,0
3,0
3,4
15,0
14,0
2,17
4,0
1,1
0,1
18,30
0,1
1,0
1,3
3,0
2,0
1,2
1,2
0,0
10,52
1,0
1,1
16,0
0,0
0,1
0,2
1,0
1,0
1,0
0,0
0,1
1,0
0,22
1,0
1,1
0,0
3,4
2,0
2,2
3,0
4,0
1,0
0,0
0,2
0,0
1,0
5,0
2,0
1,0
6,0
1,0
0,4
0,2
1,4
0,4
3,0
2,1
5,0
2,2
1,0
5,10
1,2
2,0
7,0
0,3
1,2
0,10
5,10
5,8
1,0
0,0
2,0
0,0
1,25
21,52
6,0
3,1
0,0
1,6
2,2
1,0
2,0
8,0
3,0
3,0
0,0
0,0
0,0
0,0
0,0
0,0
0,0
0,0
0,0
0,0
0,0
0,0
0,1
1,0
0,0
0,1
0,0
0,0
1,1
0,0
0,0
0,0
0,0
0,0
0,0
14,19
2,1
0,0
1,0
0,0
3,5
0,0
2,0
0,0
0,0
0,0
0,0
0,0
0,3
0,0
23,50
0,0
4,0
3,0
0,0
0,1
0,0
4,0
0,0
0,0
0,0
0,0
0,0
0,0
0,0
0,25
0,0
0,0
5,0
0,0
0,0
0,0
2,0
0,0
1,0
0,0
0,0
0,0
0,0
1,0
0,0
2,25
2,2
0,2
0,0
0,14
0,0
0,0
0,0
0,0
0,2
0,0
1,0
23,83
0,5
1,2
2,0
0,0
0,0
7,10
0,0
0,0
